time	bloc	trial	event
0.000655	1	1	TS
6.004677	1	1	TE
7.011274	1	2	TS
27.067738	1	2	TE
28.105711	1	3	TS
35.073736	1	3	R
35.087642	1	3	C
35.441742	1	3	R
35.913904	1	3	R
35.914287	1	3	C
36.441741	1	3	R
36.825732	1	3	R
36.825992	1	3	C
37.249745	1	3	R
37.529732	1	3	R
37.833735	1	3	R
37.834087	1	3	C
38.161748	1	3	R
38.465755	1	3	R
38.785795	1	3	R
38.786152	1	3	C
39.081745	1	3	R
39.361734	1	3	R
39.633750	1	3	R
39.634037	1	3	C
40.265753	1	3	R
40.577752	1	3	R
40.578027	1	3	C
40.913755	1	3	R
41.225808	1	3	R
41.777737	1	3	R
41.778014	1	3	C
42.089750	1	3	R
42.409750	1	3	R
42.761767	1	3	R
42.762079	1	3	C
43.113762	1	3	R
43.769750	1	3	R
43.770029	1	3	C
44.153761	1	3	R
44.625766	1	3	R
44.626020	1	3	C
44.953835	1	3	R
45.233762	1	3	R
45.529774	1	3	R
45.530032	1	3	C
45.849795	1	3	R
46.129780	1	3	R
46.441904	1	3	R
46.442156	1	3	C
46.809762	1	3	R
47.129776	1	3	R
47.521761	1	3	R
47.522027	1	3	C
47.905757	1	3	R
48.153770	1	3	R
48.473780	1	3	R
48.474088	1	3	C
49.049807	1	3	R
49.321777	1	3	R
49.322059	1	3	C
49.609794	1	3	R
50.281856	1	3	R
50.282168	1	3	C
50.657775	1	3	R
51.089767	1	3	R
51.090077	1	3	C
51.585775	1	3	R
51.857773	1	3	R
52.153786	1	3	R
52.154056	1	3	C
52.481766	1	3	R
52.833963	1	3	R
53.137769	1	3	R
53.138034	1	3	C
53.473783	1	3	R
53.841808	1	3	R
54.185780	1	3	R
54.186032	1	3	C
54.714076	1	3	R
55.017786	1	3	R
55.018046	1	3	C
55.385807	1	3	R
55.753796	1	3	R
56.193790	1	3	R
56.194036	1	3	C
56.561794	1	3	R
57.169797	1	3	R
57.170073	1	3	C
57.513793	1	3	R
57.841825	1	3	R
58.106983	1	3	TE
58.129855	1	4	IET R
59.111003	1	4	TS
69.129750	1	4	TE
70.142821	2	5	TS
74.143802	2	5	TE
74.145943	2	5	HIT
82.161582	2	6	TS
85.857875	2	6	R
86.163160	2	6	TE
86.163925	2	6	C
86.164103	2	6	HIT
94.177360	2	7	TS
95.177868	2	7	R
95.601898	2	7	R
98.190903	2	7	TE
98.191467	2	7	C
98.191576	2	7	HIT
106.202654	2	8	TS
107.553928	2	8	R
107.929941	2	8	R
108.249942	2	8	R
110.211785	2	8	TE
110.212333	2	8	MISS
118.233449	2	9	TS
119.665959	2	9	R
120.033950	2	9	R
122.234902	2	9	TE
122.235542	2	9	MISS
130.243231	2	10	TS
134.246277	2	10	TE
134.246805	2	10	HIT
142.262868	2	11	TS
146.265186	2	11	TE
146.265767	2	11	MISS
154.272784	2	12	TS
155.298061	2	12	R
155.690254	2	12	R
158.274014	2	12	TE
158.274847	2	12	C
158.274970	2	12	HIT
166.285926	2	13	TS
170.303155	2	13	TE
170.304068	2	13	HIT
178.325680	2	14	TS
179.650117	2	14	R
179.962112	2	14	R
180.242123	2	14	R
182.335040	2	14	TE
182.336072	2	14	C
182.336235	2	14	HIT
190.346966	2	15	TS
194.352639	2	15	TE
194.353492	2	15	HIT
202.369874	2	16	TS
206.374169	2	16	TE
206.374903	2	16	HIT
214.400174	2	17	TS
218.415122	2	17	TE
218.415669	2	17	HIT
226.426661	2	18	TS
227.858244	2	18	R
228.202261	2	18	R
228.474269	2	18	R
230.429779	2	18	TE
230.430321	2	18	C
230.430451	2	18	HIT
238.451752	2	19	TS
239.634396	2	19	R
239.930351	2	19	R
240.194286	2	19	R
242.459663	2	19	TE
242.460328	2	19	C
242.460452	2	19	HIT
250.477307	2	20	TS
254.497777	2	20	TE
254.498524	2	20	HIT
262.513025	2	21	TS
263.426339	2	21	R
263.722334	2	21	R
263.994357	2	21	R
266.517290	2	21	TE
266.517834	2	21	C
266.517944	2	21	HIT
274.534977	2	22	TS
275.570387	2	22	R
275.882402	2	22	R
276.130380	2	22	R
278.537415	2	22	TE
278.537974	2	22	C
278.538098	2	22	HIT
286.547781	2	23	TS
287.610438	2	23	R
287.906440	2	23	R
288.218492	2	23	R
290.559124	2	23	TE
290.559729	2	23	C
290.559895	2	23	HIT
298.580666	2	24	TS
299.722447	2	24	R
300.010446	2	24	R
300.258447	2	24	R
302.587125	2	24	TE
302.587859	2	24	C
302.588044	2	24	HIT
310.620194	2	25	TS
314.640659	2	25	TE
314.641186	2	25	HIT
322.678193	2	26	TS
323.674515	2	26	R
323.954615	2	26	R
324.234517	2	26	R
326.683142	2	26	TE
326.683690	2	26	C
326.683880	2	26	HIT
334.708468	2	27	TS
335.898540	2	27	R
336.178558	2	27	R
336.418559	2	27	R
338.719135	2	27	TE
338.719677	2	27	C
338.719798	2	27	HIT
346.726900	2	28	TS
348.002586	2	28	R
348.274590	2	28	R
348.786604	2	28	R
350.727976	2	28	TE
350.728524	2	28	C
350.728633	2	28	HIT
358.737116	2	29	TS
362.748076	2	29	TE
362.748595	2	29	HIT
370.755590	2	30	TS
374.775135	2	30	TE
374.775653	2	30	HIT
382.793202	2	31	TS
383.762682	2	31	R
384.082687	2	31	R
386.795071	2	31	TE
386.795628	2	31	C
386.795739	2	31	HIT
394.820287	2	32	TS
395.922728	2	32	R
396.250721	2	32	R
396.546707	2	32	R
398.832191	2	32	TE
398.833139	2	32	C
398.833346	2	32	HIT
406.844823	2	33	TS
407.882745	2	33	R
408.194773	2	33	R
408.482791	2	33	R
410.845752	2	33	TE
410.846289	2	33	C
410.846410	2	33	HIT
418.854255	2	34	TS
422.854717	2	34	TE
422.857544	2	34	HIT
430.865382	2	35	TS
434.885113	2	35	TE
434.885656	2	35	HIT
442.899855	2	36	TS
444.010837	2	36	R
444.314887	2	36	R
444.570849	2	36	R
446.903756	2	36	TE
446.904337	2	36	C
446.904484	2	36	HIT
454.911695	2	37	TS
456.266897	2	37	R
456.570889	2	37	R
458.913765	2	37	TE
458.914361	2	37	C
458.914509	2	37	HIT
466.924336	2	38	TS
470.925415	2	38	TE
470.925934	2	38	HIT
478.939012	2	39	TS
479.946952	2	39	R
480.250967	2	39	R
480.522972	2	39	R
482.939743	2	39	TE
482.940314	2	39	C
482.940436	2	39	HIT
490.948805	2	40	TS
494.961587	2	40	TE
494.962391	2	40	HIT
502.973402	2	41	TS
506.979304	2	41	TE
506.979829	2	41	HIT
514.989087	2	42	TS
518.995767	2	42	TE
518.996341	2	42	HIT
527.010599	2	43	TS
528.131068	2	43	R
528.467078	2	43	R
528.787113	2	43	R
531.011417	2	43	TE
531.011963	2	43	C
531.012077	2	43	HIT
539.034872	2	44	TS
543.045777	2	44	TE
543.046828	2	44	HIT
551.055701	2	45	TS
552.267170	2	45	R
552.571182	2	45	R
552.851190	2	45	R
555.067142	2	45	TE
555.067694	2	45	C
555.067805	2	45	HIT
563.085225	2	46	TS
567.091719	2	46	TE
567.092253	2	46	HIT
575.120784	2	47	TS
579.136448	2	47	TE
579.137236	2	47	HIT
587.150562	2	48	TS
591.152228	2	48	TE
591.152762	2	48	HIT
599.175309	2	49	TS
603.187164	2	49	TE
603.187990	2	49	HIT
611.195926	2	50	TS
612.419380	2	50	R
612.715324	2	50	R
612.995382	2	50	R
613.339318	2	50	R
615.200241	2	50	TE
615.200922	2	50	C
615.201034	2	50	HIT
623.218887	2	51	TS
624.723337	2	51	R
625.043353	2	51	R
625.435334	2	51	R
625.731355	2	51	R
626.003361	2	51	R
627.225552	2	51	TE
627.226311	2	51	C
627.226491	2	51	HIT
635.237587	2	52	TS
639.253974	2	52	TE
639.254766	2	52	HIT
647.264355	2	53	TS
651.266289	2	53	TE
651.267024	2	53	HIT
659.290089	2	54	TS
663.299154	2	54	TE
663.299902	2	54	HIT
671.309084	2	55	TS
675.315458	2	55	TE
675.316006	2	55	HIT
683.331847	2	56	TS
684.540040	2	56	R
684.828045	2	56	R
685.100143	2	56	R
685.372145	2	56	R
685.652113	2	56	R
685.924051	2	56	R
687.333623	2	56	TE
687.334406	2	56	C
687.334516	2	56	HIT
695.353625	2	57	TS
696.740187	2	57	R
697.020202	2	57	R
697.316252	2	57	R
697.556199	2	57	R
697.852187	2	57	R
699.361808	2	57	TE
699.363454	2	57	C
699.363564	2	57	HIT
707.376512	2	58	TS
708.508334	2	58	R
708.788416	2	58	R
709.052338	2	58	R
709.332447	2	58	R
709.684341	2	58	R
711.378758	2	58	TE
711.379595	2	58	C
711.379761	2	58	HIT
719.395592	3	59	TS
729.413138	3	59	TE
