time	bloc	trial	event
0.053612	1	1	TRIAL_START
6.072771	1	1	TRIAL_END
6.574720	1	2	TRIAL_START
66.683340	1	2	TRIAL_END
67.206617	1	3	TRIAL_START
71.745652	1	3	RESPONSE
71.745889	1	3	CONSEQUENCE
72.009675	1	3	RESPONSE
72.225676	1	3	RESPONSE
72.617663	1	3	RESPONSE
72.618008	1	3	CONSEQUENCE
72.857735	1	3	RESPONSE
73.105670	1	3	RESPONSE
73.649668	1	3	RESPONSE
73.649941	1	3	CONSEQUENCE
73.865700	1	3	RESPONSE
74.089711	1	3	RESPONSE
74.481711	1	3	RESPONSE
74.481952	1	3	CONSEQUENCE
74.769694	1	3	RESPONSE
74.985713	1	3	RESPONSE
75.457695	1	3	RESPONSE
75.457939	1	3	CONSEQUENCE
75.665693	1	3	RESPONSE
75.969686	1	3	RESPONSE
76.225695	1	3	RESPONSE
76.577727	1	3	RESPONSE
76.577981	1	3	CONSEQUENCE
76.793715	1	3	RESPONSE
77.089702	1	3	RESPONSE
77.473732	1	3	RESPONSE
77.473981	1	3	CONSEQUENCE
77.729694	1	3	RESPONSE
78.561723	1	3	RESPONSE
78.561979	1	3	CONSEQUENCE
78.801710	1	3	RESPONSE
79.145811	1	3	RESPONSE
79.625696	1	3	RESPONSE
79.625942	1	3	CONSEQUENCE
79.897702	1	3	RESPONSE
80.185748	1	3	RESPONSE
80.625715	1	3	RESPONSE
80.625966	1	3	CONSEQUENCE
80.825718	1	3	RESPONSE
81.049705	1	3	RESPONSE
81.305723	1	3	RESPONSE
81.601718	1	3	RESPONSE
81.601972	1	3	CONSEQUENCE
81.833736	1	3	RESPONSE
82.073736	1	3	RESPONSE
82.337738	1	3	RESPONSE
82.617764	1	3	RESPONSE
82.618122	1	3	CONSEQUENCE
82.873713	1	3	RESPONSE
83.169738	1	3	RESPONSE
83.449779	1	3	RESPONSE
83.450122	1	3	CONSEQUENCE
83.697743	1	3	RESPONSE
84.193748	1	3	RESPONSE
84.401738	1	3	RESPONSE
84.401999	1	3	CONSEQUENCE
84.617741	1	3	RESPONSE
84.841752	1	3	RESPONSE
85.089743	1	3	RESPONSE
85.353763	1	3	RESPONSE
85.354026	1	3	CONSEQUENCE
85.609742	1	3	RESPONSE
85.897734	1	3	RESPONSE
86.161818	1	3	RESPONSE
86.162310	1	3	CONSEQUENCE
86.393761	1	3	RESPONSE
86.633728	1	3	RESPONSE
86.921739	1	3	RESPONSE
87.169763	1	3	RESPONSE
87.170024	1	3	CONSEQUENCE
87.207720	1	3	TRIAL_END
87.401754	1	4	IET R
87.709691	1	4	TRIAL_START
93.714756	1	4	TRIAL_END
94.219012	1	5	TRIAL_START
100.232195	1	5	TRIAL_END
100.736143	1	6	TRIAL_START
103.740791	1	6	TRIAL_END
104.244951	1	7	TRIAL_START
105.250426	1	7	TRIAL_END
105.754370	1	8	TRIAL_START
106.754739	1	8	TRIAL_END
107.256994	1	9	TRIAL_START
108.260588	1	9	TRIAL_END
108.771554	2	10	TRIAL_START
110.841954	2	10	RESPONSE
112.772123	2	10	TRIAL_END
112.772947	2	10	MISS
113.409879	2	11	IET R
113.929869	2	11	IET R
114.257874	2	11	IET R
114.521875	2	11	IET R
114.873910	2	11	IET R
115.761885	2	11	IET R
116.073917	2	11	IET R
116.385864	2	11	IET R
117.780487	2	11	TRIAL_START
118.681951	2	11	RESPONSE
118.929898	2	11	RESPONSE
119.161901	2	11	RESPONSE
119.401895	2	11	RESPONSE
119.641910	2	11	RESPONSE
121.241909	2	11	RESPONSE
121.521938	2	11	RESPONSE
121.769958	2	11	RESPONSE
121.781125	2	11	TRIAL_END
121.781616	2	11	MISS
122.025914	2	12	IET R
126.657932	2	12	IET R
126.789122	2	12	TRIAL_START
127.513923	2	12	RESPONSE
127.737958	2	12	RESPONSE
128.009924	2	12	RESPONSE
128.297935	2	12	RESPONSE
128.593926	2	12	RESPONSE
128.882082	2	12	RESPONSE
129.169998	2	12	RESPONSE
129.665956	2	12	RESPONSE
129.905939	2	12	RESPONSE
130.153949	2	12	RESPONSE
130.434104	2	12	RESPONSE
130.713943	2	12	RESPONSE
130.790437	2	12	TRIAL_END
130.791175	2	12	CONSEQUENCE
130.791343	2	12	HIT
130.993943	2	13	IET R
135.810259	2	13	TRIAL_START
136.993996	2	13	RESPONSE
137.226013	2	13	RESPONSE
137.441987	2	13	RESPONSE
137.673994	2	13	RESPONSE
137.922009	2	13	RESPONSE
138.153984	2	13	RESPONSE
138.386014	2	13	RESPONSE
138.618014	2	13	RESPONSE
138.849979	2	13	RESPONSE
139.098131	2	13	RESPONSE
139.321977	2	13	RESPONSE
139.569980	2	13	RESPONSE
139.802020	2	13	RESPONSE
139.811171	2	13	TRIAL_END
139.811670	2	13	MISS
140.042032	2	14	IET R
140.282109	2	14	IET R
144.828602	2	14	TRIAL_START
145.938029	2	14	RESPONSE
146.162012	2	14	RESPONSE
146.362048	2	14	RESPONSE
146.578057	2	14	RESPONSE
146.794047	2	14	RESPONSE
147.018030	2	14	RESPONSE
147.242046	2	14	RESPONSE
147.450017	2	14	RESPONSE
147.674041	2	14	RESPONSE
147.914037	2	14	RESPONSE
148.162036	2	14	RESPONSE
148.402061	2	14	RESPONSE
148.642028	2	14	RESPONSE
148.829165	2	14	TRIAL_END
148.832011	2	14	CONSEQUENCE
148.832178	2	14	HIT
148.858021	2	15	IET R
149.098042	2	15	IET R
153.844041	2	15	TRIAL_START
154.770065	2	15	RESPONSE
155.002051	2	15	RESPONSE
155.202054	2	15	RESPONSE
155.386051	2	15	RESPONSE
155.586075	2	15	RESPONSE
155.786060	2	15	RESPONSE
155.978146	2	15	RESPONSE
156.178141	2	15	RESPONSE
156.418084	2	15	RESPONSE
156.626130	2	15	RESPONSE
156.842285	2	15	RESPONSE
157.050083	2	15	RESPONSE
157.282079	2	15	RESPONSE
157.482064	2	15	RESPONSE
157.698098	2	15	RESPONSE
157.845037	2	15	TRIAL_END
157.845806	2	15	MISS
157.922597	2	16	IET R
158.154081	2	16	IET R
162.853244	2	16	TRIAL_START
163.890139	2	16	RESPONSE
164.106103	2	16	RESPONSE
164.298109	2	16	RESPONSE
164.498112	2	16	RESPONSE
164.882110	2	16	RESPONSE
165.098136	2	16	RESPONSE
165.306094	2	16	RESPONSE
165.514138	2	16	RESPONSE
165.738139	2	16	RESPONSE
165.954118	2	16	RESPONSE
166.162109	2	16	RESPONSE
166.370175	2	16	RESPONSE
166.594122	2	16	RESPONSE
166.810107	2	16	RESPONSE
166.854427	2	16	TRIAL_END
166.855163	2	16	CONSEQUENCE
166.855338	2	16	HIT
167.018107	2	17	IET R
167.234129	2	17	IET R
171.880843	2	17	TRIAL_START
173.322218	2	17	RESPONSE
173.562135	2	17	RESPONSE
173.754160	2	17	RESPONSE
173.962166	2	17	RESPONSE
174.162180	2	17	RESPONSE
174.362166	2	17	RESPONSE
174.578138	2	17	RESPONSE
174.810138	2	17	RESPONSE
175.026164	2	17	RESPONSE
175.250198	2	17	RESPONSE
175.458158	2	17	RESPONSE
175.674153	2	17	RESPONSE
175.882003	2	17	TRIAL_END
175.882490	2	17	CONSEQUENCE
175.882598	2	17	HIT
175.897928	2	18	IET R
176.114135	2	18	IET R
180.904961	2	18	TRIAL_START
181.834164	2	18	RESPONSE
182.058184	2	18	RESPONSE
182.274208	2	18	RESPONSE
182.466194	2	18	RESPONSE
182.674179	2	18	RESPONSE
182.882219	2	18	RESPONSE
183.090206	2	18	RESPONSE
183.298188	2	18	RESPONSE
183.498203	2	18	RESPONSE
183.706207	2	18	RESPONSE
183.914174	2	18	RESPONSE
184.130237	2	18	RESPONSE
184.346238	2	18	RESPONSE
184.570179	2	18	RESPONSE
184.826194	2	18	RESPONSE
184.905701	2	18	TRIAL_END
184.906210	2	18	CONSEQUENCE
184.906339	2	18	HIT
189.919139	2	19	TRIAL_START
191.466239	2	19	RESPONSE
191.674218	2	19	RESPONSE
191.866230	2	19	RESPONSE
192.066232	2	19	RESPONSE
192.266258	2	19	RESPONSE
192.466231	2	19	RESPONSE
192.674234	2	19	RESPONSE
192.874242	2	19	RESPONSE
193.074250	2	19	RESPONSE
193.266224	2	19	RESPONSE
193.466327	2	19	RESPONSE
193.666405	2	19	RESPONSE
193.866243	2	19	RESPONSE
193.919625	2	19	TRIAL_END
193.920229	2	19	MISS
194.082275	2	20	IET R
194.258248	2	20	IET R
198.930846	2	20	TRIAL_START
200.138262	2	20	RESPONSE
200.370263	2	20	RESPONSE
200.570271	2	20	RESPONSE
200.786292	2	20	RESPONSE
200.994280	2	20	RESPONSE
201.210264	2	20	RESPONSE
201.426274	2	20	RESPONSE
201.642261	2	20	RESPONSE
201.842281	2	20	RESPONSE
202.058282	2	20	RESPONSE
202.266310	2	20	RESPONSE
202.474309	2	20	RESPONSE
202.690286	2	20	RESPONSE
202.922287	2	20	RESPONSE
202.931473	2	20	TRIAL_END
202.932061	2	20	CONSEQUENCE
202.932172	2	20	HIT
203.162271	2	21	IET R
207.939149	2	21	TRIAL_START
209.562349	2	21	RESPONSE
209.818363	2	21	RESPONSE
210.002303	2	21	RESPONSE
210.202382	2	21	RESPONSE
210.410357	2	21	RESPONSE
210.634298	2	21	RESPONSE
210.834307	2	21	RESPONSE
211.042374	2	21	RESPONSE
211.242326	2	21	RESPONSE
211.450327	2	21	RESPONSE
211.658312	2	21	RESPONSE
211.874310	2	21	RESPONSE
211.939757	2	21	TRIAL_END
211.940629	2	21	CONSEQUENCE
211.940839	2	21	HIT
212.074302	2	22	IET R
212.266309	2	22	IET R
216.950953	2	22	TRIAL_START
219.058376	2	22	RESPONSE
219.290347	2	22	RESPONSE
219.482355	2	22	RESPONSE
219.690353	2	22	RESPONSE
219.890363	2	22	RESPONSE
220.090422	2	22	RESPONSE
220.290371	2	22	RESPONSE
220.506375	2	22	RESPONSE
220.722362	2	22	RESPONSE
220.946426	2	22	RESPONSE
220.951600	2	22	TRIAL_END
220.952078	2	22	CONSEQUENCE
220.952190	2	22	HIT
221.146416	2	23	IET R
225.963463	2	23	TRIAL_START
227.154397	2	23	RESPONSE
227.362392	2	23	RESPONSE
227.554400	2	23	RESPONSE
227.746394	2	23	RESPONSE
227.946427	2	23	RESPONSE
228.154391	2	23	RESPONSE
228.362393	2	23	RESPONSE
228.562393	2	23	RESPONSE
228.770440	2	23	RESPONSE
228.962383	2	23	RESPONSE
229.178389	2	23	RESPONSE
229.968436	2	23	TRIAL_END
229.969082	2	23	MISS
234.979364	2	24	TRIAL_START
236.386436	2	24	RESPONSE
236.602453	2	24	RESPONSE
236.802442	2	24	RESPONSE
236.986438	2	24	RESPONSE
237.186453	2	24	RESPONSE
237.386439	2	24	RESPONSE
237.602450	2	24	RESPONSE
237.818430	2	24	RESPONSE
238.026433	2	24	RESPONSE
238.242514	2	24	RESPONSE
238.450440	2	24	RESPONSE
238.682433	2	24	RESPONSE
238.890438	2	24	RESPONSE
238.979983	2	24	TRIAL_END
238.980503	2	24	CONSEQUENCE
238.980614	2	24	HIT
239.114443	2	25	IET R
239.338459	2	25	IET R
243.992551	2	25	TRIAL_START
245.818467	2	25	RESPONSE
246.034538	2	25	RESPONSE
246.226468	2	25	RESPONSE
246.402487	2	25	RESPONSE
246.586476	2	25	RESPONSE
246.786514	2	25	RESPONSE
246.994475	2	25	RESPONSE
247.218476	2	25	RESPONSE
247.442476	2	25	RESPONSE
247.658489	2	25	RESPONSE
247.866519	2	25	RESPONSE
247.993333	2	25	TRIAL_END
247.994248	2	25	MISS
248.074473	2	26	IET R
248.290465	2	26	IET R
253.002187	2	26	TRIAL_START
254.034595	2	26	RESPONSE
254.250504	2	26	RESPONSE
254.442510	2	26	RESPONSE
254.642537	2	26	RESPONSE
254.826501	2	26	RESPONSE
255.050515	2	26	RESPONSE
255.250510	2	26	RESPONSE
255.482522	2	26	RESPONSE
255.714530	2	26	RESPONSE
255.922536	2	26	RESPONSE
256.146528	2	26	RESPONSE
256.370512	2	26	RESPONSE
256.594563	2	26	RESPONSE
256.826549	2	26	RESPONSE
257.003580	2	26	TRIAL_END
257.004380	2	26	CONSEQUENCE
257.004522	2	26	HIT
257.050525	2	27	IET R
257.266530	2	27	IET R
262.025052	2	27	TRIAL_START
262.882546	2	27	RESPONSE
263.106543	2	27	RESPONSE
263.290556	2	27	RESPONSE
263.490559	2	27	RESPONSE
263.682558	2	27	RESPONSE
263.866547	2	27	RESPONSE
264.058573	2	27	RESPONSE
264.258599	2	27	RESPONSE
264.450555	2	27	RESPONSE
264.666578	2	27	RESPONSE
264.874551	2	27	RESPONSE
265.098551	2	27	RESPONSE
265.290571	2	27	RESPONSE
265.506551	2	27	RESPONSE
265.698575	2	27	RESPONSE
265.914564	2	27	RESPONSE
266.026230	2	27	TRIAL_END
266.027189	2	27	MISS
266.146577	2	28	IET R
266.378565	2	28	IET R
271.039032	2	28	TRIAL_START
272.130608	2	28	RESPONSE
272.330603	2	28	RESPONSE
272.514596	2	28	RESPONSE
272.698631	2	28	RESPONSE
272.890649	2	28	RESPONSE
273.090607	2	28	RESPONSE
273.290617	2	28	RESPONSE
273.498582	2	28	RESPONSE
273.714707	2	28	RESPONSE
273.898578	2	28	RESPONSE
274.106588	2	28	RESPONSE
274.314801	2	28	RESPONSE
274.506598	2	28	RESPONSE
274.722684	2	28	RESPONSE
274.922629	2	28	RESPONSE
275.039345	2	28	TRIAL_END
275.039822	2	28	CONSEQUENCE
275.039933	2	28	HIT
275.130566	2	29	IET R
275.362601	2	29	IET R
280.055195	2	29	TRIAL_START
281.146629	2	29	RESPONSE
281.354645	2	29	RESPONSE
281.538637	2	29	RESPONSE
281.730646	2	29	RESPONSE
281.906633	2	29	RESPONSE
282.098744	2	29	RESPONSE
282.298723	2	29	RESPONSE
282.498713	2	29	RESPONSE
282.714713	2	29	RESPONSE
282.922647	2	29	RESPONSE
283.122643	2	29	RESPONSE
283.354653	2	29	RESPONSE
283.554672	2	29	RESPONSE
283.762662	2	29	RESPONSE
283.970646	2	29	RESPONSE
284.056165	2	29	TRIAL_END
284.056992	2	29	MISS
284.202638	2	30	IET R
284.426664	2	30	IET R
289.067244	2	30	TRIAL_START
289.850685	2	30	RESPONSE
290.058732	2	30	RESPONSE
290.250684	2	30	RESPONSE
290.458688	2	30	RESPONSE
290.658666	2	30	RESPONSE
290.866673	2	30	RESPONSE
291.074679	2	30	RESPONSE
291.474695	2	30	RESPONSE
291.674733	2	30	RESPONSE
291.906681	2	30	RESPONSE
292.082717	2	30	RESPONSE
292.314665	2	30	RESPONSE
292.538690	2	30	RESPONSE
292.778750	2	30	RESPONSE
293.010762	2	30	RESPONSE
293.068147	2	30	TRIAL_END
293.068677	2	30	CONSEQUENCE
293.068815	2	30	HIT
293.250717	2	31	IET R
293.458745	2	31	IET R
298.076113	2	31	TRIAL_START
298.802717	2	31	RESPONSE
299.018732	2	31	RESPONSE
299.210710	2	31	RESPONSE
299.402713	2	31	RESPONSE
299.594794	2	31	RESPONSE
299.794781	2	31	RESPONSE
299.994783	2	31	RESPONSE
300.202705	2	31	RESPONSE
300.426730	2	31	RESPONSE
300.626743	2	31	RESPONSE
300.842706	2	31	RESPONSE
301.066702	2	31	RESPONSE
301.290732	2	31	RESPONSE
301.546732	2	31	RESPONSE
301.754733	2	31	RESPONSE
302.010742	2	31	RESPONSE
302.077184	2	31	TRIAL_END
302.078035	2	31	CONSEQUENCE
302.078307	2	31	HIT
302.242727	2	32	IET R
307.105505	2	32	TRIAL_START
308.754765	2	32	RESPONSE
308.962798	2	32	RESPONSE
309.154752	2	32	RESPONSE
309.330760	2	32	RESPONSE
309.514763	2	32	RESPONSE
309.714771	2	32	RESPONSE
309.914756	2	32	RESPONSE
310.122741	2	32	RESPONSE
310.338747	2	32	RESPONSE
310.522936	2	32	RESPONSE
310.730773	2	32	RESPONSE
310.930781	2	32	RESPONSE
311.106801	2	32	TRIAL_END
311.107579	2	32	MISS
311.119569	2	33	IET R
311.330791	2	33	IET R
316.129719	2	33	TRIAL_START
317.698838	2	33	RESPONSE
317.906906	2	33	RESPONSE
318.074816	2	33	RESPONSE
318.266834	2	33	RESPONSE
318.466800	2	33	RESPONSE
318.650802	2	33	RESPONSE
318.842829	2	33	RESPONSE
319.042838	2	33	RESPONSE
319.242821	2	33	RESPONSE
319.442818	2	33	RESPONSE
319.642810	2	33	RESPONSE
319.858795	2	33	RESPONSE
320.058837	2	33	RESPONSE
320.130314	2	33	TRIAL_END
320.131057	2	33	CONSEQUENCE
320.131231	2	33	HIT
320.266816	2	34	IET R
320.466820	2	34	IET R
325.145910	2	34	TRIAL_START
326.802846	2	34	RESPONSE
327.018985	2	34	RESPONSE
327.202845	2	34	RESPONSE
327.386842	2	34	RESPONSE
327.562844	2	34	RESPONSE
327.762817	2	34	RESPONSE
327.954884	2	34	RESPONSE
328.154930	2	34	RESPONSE
328.354911	2	34	RESPONSE
328.562837	2	34	RESPONSE
328.754847	2	34	RESPONSE
328.954843	2	34	RESPONSE
329.147153	2	34	TRIAL_END
329.147666	2	34	MISS
329.160521	2	35	IET R
329.354849	2	35	IET R
334.157938	2	35	TRIAL_START
336.890870	2	35	RESPONSE
337.074884	2	35	RESPONSE
337.274881	2	35	RESPONSE
337.466882	2	35	RESPONSE
337.658877	2	35	RESPONSE
337.858877	2	35	RESPONSE
338.066858	2	35	RESPONSE
338.159420	2	35	TRIAL_END
338.159964	2	35	CONSEQUENCE
338.160075	2	35	HIT
338.283076	2	36	IET R
338.474883	2	36	IET R
343.168368	2	36	TRIAL_START
347.188366	2	36	TRIAL_END
347.188915	2	36	HIT
352.207256	2	37	TRIAL_START
353.202977	2	37	RESPONSE
353.418949	2	37	RESPONSE
353.594951	2	37	RESPONSE
353.778992	2	37	RESPONSE
353.971009	2	37	RESPONSE
354.170982	2	37	RESPONSE
354.346952	2	37	RESPONSE
354.546955	2	37	RESPONSE
354.738958	2	37	RESPONSE
354.930959	2	37	RESPONSE
355.130979	2	37	RESPONSE
355.315016	2	37	RESPONSE
355.498949	2	37	RESPONSE
355.674973	2	37	RESPONSE
355.898951	2	37	RESPONSE
356.122934	2	37	RESPONSE
356.208474	2	37	TRIAL_END
356.209034	2	37	CONSEQUENCE
356.209150	2	37	HIT
356.346980	2	38	IET R
361.231400	2	38	TRIAL_START
362.995021	2	38	RESPONSE
363.227171	2	38	RESPONSE
363.418975	2	38	RESPONSE
363.618995	2	38	RESPONSE
363.795060	2	38	RESPONSE
363.994997	2	38	RESPONSE
364.195020	2	38	RESPONSE
364.402996	2	38	RESPONSE
364.618989	2	38	RESPONSE
364.803010	2	38	RESPONSE
365.018989	2	38	RESPONSE
365.227007	2	38	RESPONSE
365.232167	2	38	TRIAL_END
365.232654	2	38	MISS
365.426978	2	39	IET R
370.250048	2	39	TRIAL_START
372.411091	2	39	RESPONSE
372.691042	2	39	RESPONSE
372.891039	2	39	RESPONSE
373.107044	2	39	RESPONSE
373.299042	2	39	RESPONSE
373.499054	2	39	RESPONSE
373.707057	2	39	RESPONSE
373.899054	2	39	RESPONSE
374.099037	2	39	RESPONSE
374.250939	2	39	TRIAL_END
374.251463	2	39	CONSEQUENCE
374.251583	2	39	HIT
374.299070	2	40	IET R
374.507057	2	40	IET R
379.262160	2	40	TRIAL_START
381.987107	2	40	RESPONSE
382.195074	2	40	RESPONSE
382.403079	2	40	RESPONSE
382.619118	2	40	RESPONSE
382.819096	2	40	RESPONSE
383.019128	2	40	RESPONSE
383.203088	2	40	RESPONSE
383.262501	2	40	TRIAL_END
383.263007	2	40	MISS
383.427075	2	41	IET R
388.270935	2	41	TRIAL_START
389.987117	2	41	RESPONSE
390.219120	2	41	RESPONSE
390.427089	2	41	RESPONSE
390.635108	2	41	RESPONSE
390.851152	2	41	RESPONSE
391.043114	2	41	RESPONSE
391.243138	2	41	RESPONSE
391.443116	2	41	RESPONSE
392.275359	2	41	TRIAL_END
392.276096	2	41	MISS
397.301444	2	42	TRIAL_START
399.483160	2	42	RESPONSE
399.707134	2	42	RESPONSE
399.899153	2	42	RESPONSE
400.107146	2	42	RESPONSE
400.299153	2	42	RESPONSE
400.499170	2	42	RESPONSE
400.707148	2	42	RESPONSE
400.899221	2	42	RESPONSE
401.304357	2	42	TRIAL_END
401.306383	2	42	CONSEQUENCE
401.306552	2	42	HIT
406.321679	2	43	TRIAL_START
409.107192	2	43	RESPONSE
409.355189	2	43	RESPONSE
409.547217	2	43	RESPONSE
409.731199	2	43	RESPONSE
409.915190	2	43	RESPONSE
410.107182	2	43	RESPONSE
410.299183	2	43	RESPONSE
410.322396	2	43	TRIAL_END
410.322897	2	43	CONSEQUENCE
410.323011	2	43	HIT
410.483220	2	44	IET R
415.340923	2	44	TRIAL_START
419.344781	2	44	TRIAL_END
419.345636	2	44	HIT
424.359178	2	45	TRIAL_START
425.571267	2	45	RESPONSE
425.811270	2	45	RESPONSE
425.995242	2	45	RESPONSE
426.179364	2	45	RESPONSE
426.371246	2	45	RESPONSE
426.571345	2	45	RESPONSE
426.779322	2	45	RESPONSE
427.003263	2	45	RESPONSE
427.219266	2	45	RESPONSE
428.360617	2	45	TRIAL_END
428.361487	2	45	CONSEQUENCE
428.361661	2	45	HIT
433.370669	2	46	TRIAL_START
437.203323	2	46	RESPONSE
437.371453	2	46	TRIAL_END
437.372167	2	46	CONSEQUENCE
437.372298	2	46	HIT
437.427299	2	47	IET R
437.643409	2	47	IET R
442.381833	2	47	TRIAL_START
446.392905	2	47	TRIAL_END
446.393449	2	47	HIT
451.413902	2	48	TRIAL_START
454.403395	2	48	RESPONSE
454.635362	2	48	RESPONSE
454.827386	2	48	RESPONSE
455.027376	2	48	RESPONSE
455.219388	2	48	RESPONSE
455.414672	2	48	TRIAL_END
455.415185	2	48	MISS
455.428137	2	49	IET R
455.603390	2	49	IET R
460.432552	2	49	TRIAL_START
464.436787	2	49	TRIAL_END
464.437539	2	49	MISS
464.643419	2	50	IET R
464.827472	2	50	IET R
469.450468	2	50	TRIAL_START
473.451815	2	50	TRIAL_END
473.452556	2	50	HIT
478.460826	2	51	TRIAL_START
479.707481	2	51	RESPONSE
479.931482	2	51	RESPONSE
480.147506	2	51	RESPONSE
480.371521	2	51	RESPONSE
480.579488	2	51	RESPONSE
480.787556	2	51	RESPONSE
481.011510	2	51	RESPONSE
481.235558	2	51	RESPONSE
481.443501	2	51	RESPONSE
481.667507	2	51	RESPONSE
481.907588	2	51	RESPONSE
482.131489	2	51	RESPONSE
482.371497	2	51	RESPONSE
482.462060	2	51	TRIAL_END
482.462552	2	51	CONSEQUENCE
482.462661	2	51	HIT
482.571494	2	52	IET R
482.763502	2	52	IET R
487.470487	2	52	TRIAL_START
489.603536	2	52	RESPONSE
489.819574	2	52	RESPONSE
490.003602	2	52	RESPONSE
490.203540	2	52	RESPONSE
490.403531	2	52	RESPONSE
490.595533	2	52	RESPONSE
490.795532	2	52	RESPONSE
491.011529	2	52	RESPONSE
491.235554	2	52	RESPONSE
491.443567	2	52	RESPONSE
491.470809	2	52	TRIAL_END
491.471740	2	52	MISS
491.635531	2	53	IET R
496.481106	2	53	TRIAL_START
500.492463	2	53	TRIAL_END
500.493072	2	53	MISS
505.512034	2	54	TRIAL_START
507.251630	2	54	RESPONSE
507.499586	2	54	RESPONSE
507.963597	2	54	RESPONSE
508.219600	2	54	RESPONSE
508.459615	2	54	RESPONSE
508.723606	2	54	RESPONSE
508.971656	2	54	RESPONSE
509.211630	2	54	RESPONSE
509.459792	2	54	RESPONSE
509.513188	2	54	TRIAL_END
509.513983	2	54	MISS
509.683621	2	55	IET R
509.955614	2	55	IET R
514.526965	2	55	TRIAL_START
516.739643	2	55	RESPONSE
516.947648	2	55	RESPONSE
517.139630	2	55	RESPONSE
517.331646	2	55	RESPONSE
517.539638	2	55	RESPONSE
517.755637	2	55	RESPONSE
517.971697	2	55	RESPONSE
518.187646	2	55	RESPONSE
518.403792	2	55	RESPONSE
518.527905	2	55	TRIAL_END
518.528408	2	55	CONSEQUENCE
518.528530	2	55	HIT
518.619645	2	56	IET R
523.536611	2	56	TRIAL_START
527.541777	2	56	TRIAL_END
527.542299	2	56	MISS
532.571163	2	57	TRIAL_START
536.587988	2	57	TRIAL_END
536.588900	2	57	HIT
541.599593	2	58	TRIAL_START
544.123767	2	58	RESPONSE
544.339772	2	58	RESPONSE
544.531762	2	58	RESPONSE
544.747771	2	58	RESPONSE
544.939773	2	58	RESPONSE
545.123762	2	58	RESPONSE
545.331757	2	58	RESPONSE
545.531788	2	58	RESPONSE
545.600291	2	58	TRIAL_END
545.601186	2	58	MISS
545.739792	2	59	IET R
550.611920	2	59	TRIAL_START
552.699894	2	59	RESPONSE
552.899827	2	59	RESPONSE
553.099803	2	59	RESPONSE
553.291883	2	59	RESPONSE
553.491834	2	59	RESPONSE
553.699827	2	59	RESPONSE
553.915797	2	59	RESPONSE
554.123792	2	59	RESPONSE
554.331824	2	59	RESPONSE
554.555817	2	59	RESPONSE
554.613204	2	59	TRIAL_END
554.613926	2	59	CONSEQUENCE
554.614093	2	59	HIT
554.771792	2	60	IET R
554.995835	2	60	IET R
559.625542	2	60	TRIAL_START
560.747869	2	60	RESPONSE
560.955819	2	60	RESPONSE
561.147849	2	60	RESPONSE
561.347833	2	60	RESPONSE
561.539838	2	60	RESPONSE
561.731820	2	60	RESPONSE
561.931826	2	60	RESPONSE
562.139835	2	60	RESPONSE
562.339849	2	60	RESPONSE
562.539850	2	60	RESPONSE
562.747841	2	60	RESPONSE
562.995853	2	60	RESPONSE
563.235825	2	60	RESPONSE
563.467896	2	60	RESPONSE
563.626814	2	60	TRIAL_END
563.627324	2	60	CONSEQUENCE
563.627441	2	60	HIT
568.636518	2	61	TRIAL_START
572.656963	2	61	TRIAL_END
572.657697	2	61	MISS
577.670906	2	62	TRIAL_START
580.195994	2	62	RESPONSE
580.435949	2	62	RESPONSE
580.660071	2	62	RESPONSE
580.867908	2	62	RESPONSE
581.091917	2	62	RESPONSE
581.299927	2	62	RESPONSE
581.524024	2	62	RESPONSE
581.671755	2	62	TRIAL_END
581.672479	2	62	MISS
581.747910	2	63	IET R
581.955935	2	63	IET R
586.693906	2	63	TRIAL_START
589.387973	2	63	RESPONSE
589.595947	2	63	RESPONSE
589.795952	2	63	RESPONSE
589.987963	2	63	RESPONSE
590.203950	2	63	RESPONSE
590.411927	2	63	RESPONSE
590.620013	2	63	RESPONSE
590.694511	2	63	TRIAL_END
590.695039	2	63	CONSEQUENCE
590.695154	2	63	HIT
590.844020	2	64	IET R
595.713213	2	64	TRIAL_START
597.299984	2	64	RESPONSE
597.524002	2	64	RESPONSE
597.708027	2	64	RESPONSE
597.899995	2	64	RESPONSE
598.092028	2	64	RESPONSE
598.283999	2	64	RESPONSE
598.483999	2	64	RESPONSE
598.700031	2	64	RESPONSE
598.899969	2	64	RESPONSE
599.091976	2	64	RESPONSE
599.331994	2	64	RESPONSE
599.714155	2	64	TRIAL_END
599.714715	2	64	MISS
599.740010	2	65	IET R
604.726217	2	65	TRIAL_START
607.268055	2	65	RESPONSE
607.508023	2	65	RESPONSE
607.692019	2	65	RESPONSE
607.900029	2	65	RESPONSE
608.100011	2	65	RESPONSE
608.292047	2	65	RESPONSE
608.492087	2	65	RESPONSE
608.708014	2	65	RESPONSE
608.727232	2	65	TRIAL_END
608.727724	2	65	MISS
608.908012	2	66	IET R
613.736605	2	66	TRIAL_START
616.524065	2	66	RESPONSE
616.732074	2	66	RESPONSE
616.924056	2	66	RESPONSE
617.116102	2	66	RESPONSE
617.300067	2	66	RESPONSE
617.492057	2	66	RESPONSE
617.692061	2	66	RESPONSE
617.737406	2	66	TRIAL_END
617.737891	2	66	CONSEQUENCE
617.738028	2	66	HIT
617.876102	2	67	IET R
622.766738	2	67	TRIAL_START
626.784161	2	67	TRIAL_END
626.786684	2	67	MISS
627.188096	2	68	IET R
627.444111	2	68	IET R
631.798146	2	68	TRIAL_START
634.444141	2	68	RESPONSE
634.660135	2	68	RESPONSE
634.852142	2	68	RESPONSE
635.052129	2	68	RESPONSE
635.252134	2	68	RESPONSE
635.460123	2	68	RESPONSE
635.668129	2	68	RESPONSE
635.799111	2	68	TRIAL_END
635.800046	2	68	MISS
635.868145	2	69	IET R
636.060133	2	69	IET R
640.819315	2	69	TRIAL_START
643.220170	2	69	RESPONSE
643.452185	2	69	RESPONSE
643.636189	2	69	RESPONSE
643.844172	2	69	RESPONSE
644.052173	2	69	RESPONSE
644.244171	2	69	RESPONSE
644.468226	2	69	RESPONSE
644.692185	2	69	RESPONSE
644.819929	2	69	TRIAL_END
644.820420	2	69	MISS
644.892190	2	70	IET R
645.076184	2	70	IET R
649.830483	2	70	TRIAL_START
653.833704	2	70	TRIAL_END
653.834490	2	70	MISS
658.841908	2	71	TRIAL_START
660.260291	2	71	RESPONSE
660.484244	2	71	RESPONSE
660.692291	2	71	RESPONSE
660.884246	2	71	RESPONSE
661.076283	2	71	RESPONSE
661.284243	2	71	RESPONSE
661.476284	2	71	RESPONSE
661.676286	2	71	RESPONSE
662.844787	2	71	TRIAL_END
662.845540	2	71	MISS
667.872980	2	72	TRIAL_START
668.900310	2	72	RESPONSE
669.124332	2	72	RESPONSE
669.316272	2	72	RESPONSE
669.516269	2	72	RESPONSE
669.692256	2	72	RESPONSE
669.876307	2	72	RESPONSE
670.060294	2	72	RESPONSE
671.156319	2	72	RESPONSE
671.340323	2	72	RESPONSE
671.532300	2	72	RESPONSE
671.716312	2	72	RESPONSE
671.873602	2	72	TRIAL_END
671.874099	2	72	MISS
671.916303	2	73	IET R
672.116289	2	73	IET R
676.898771	2	73	TRIAL_START
680.044315	2	73	RESPONSE
680.268338	2	73	RESPONSE
680.492343	2	73	RESPONSE
680.676331	2	73	RESPONSE
680.884337	2	73	RESPONSE
680.899515	2	73	TRIAL_END
680.900256	2	73	MISS
681.108292	2	74	IET R
681.308317	2	74	IET R
685.918906	2	74	TRIAL_START
689.652410	2	74	RESPONSE
689.884382	2	74	RESPONSE
689.919691	2	74	TRIAL_END
689.920632	2	74	CONSEQUENCE
689.920821	2	74	HIT
690.084432	2	75	IET R
690.284392	2	75	IET R
694.934315	2	75	TRIAL_START
696.716381	2	75	RESPONSE
696.916370	2	75	RESPONSE
697.116382	2	75	RESPONSE
697.308372	2	75	RESPONSE
697.476382	2	75	RESPONSE
697.660382	2	75	RESPONSE
697.844383	2	75	RESPONSE
698.052543	2	75	RESPONSE
698.268465	2	75	RESPONSE
698.476414	2	75	RESPONSE
698.684455	2	75	RESPONSE
698.868460	2	75	RESPONSE
698.934902	2	75	TRIAL_END
698.935565	2	75	CONSEQUENCE
698.935739	2	75	HIT
699.068461	2	76	IET R
699.260458	2	76	IET R
703.962690	2	76	TRIAL_START
707.983055	2	76	TRIAL_END
707.983829	2	76	HIT
713.001967	2	77	TRIAL_START
717.020646	2	77	TRIAL_END
717.021207	2	77	MISS
722.046028	2	78	TRIAL_START
723.828570	2	78	RESPONSE
724.060489	2	78	RESPONSE
724.268498	2	78	RESPONSE
724.476486	2	78	RESPONSE
724.692496	2	78	RESPONSE
724.892506	2	78	RESPONSE
725.116497	2	78	RESPONSE
725.324490	2	78	RESPONSE
725.548510	2	78	RESPONSE
725.748515	2	78	RESPONSE
725.964511	2	78	RESPONSE
726.047038	2	78	TRIAL_END
726.047780	2	78	MISS
726.180516	2	79	IET R
731.060178	2	79	TRIAL_START
732.820529	2	79	RESPONSE
733.036537	2	79	RESPONSE
733.236518	2	79	RESPONSE
733.452542	2	79	RESPONSE
733.596529	2	79	RESPONSE
733.836523	2	79	RESPONSE
734.028528	2	79	RESPONSE
734.212555	2	79	RESPONSE
734.404569	2	79	RESPONSE
734.604607	2	79	RESPONSE
735.020536	2	79	RESPONSE
735.060842	2	79	TRIAL_END
735.061585	2	79	MISS
735.236577	2	80	IET R
735.428540	2	80	IET R
740.074322	2	80	TRIAL_START
741.860555	2	80	RESPONSE
742.148579	2	80	RESPONSE
742.340694	2	80	RESPONSE
742.532619	2	80	RESPONSE
742.724655	2	80	RESPONSE
742.924683	2	80	RESPONSE
743.124665	2	80	RESPONSE
743.332563	2	80	RESPONSE
743.540611	2	80	RESPONSE
743.756609	2	80	RESPONSE
743.948567	2	80	RESPONSE
744.075314	2	80	TRIAL_END
744.076087	2	80	CONSEQUENCE
744.076293	2	80	HIT
744.148585	2	81	IET R
744.356591	2	81	IET R
749.086391	2	81	TRIAL_START
753.103905	2	81	TRIAL_END
753.104677	2	81	HIT
758.111727	2	82	TRIAL_START
762.130869	2	82	TRIAL_END
762.131616	2	82	MISS
767.156232	2	83	TRIAL_START
769.500679	2	83	RESPONSE
769.724675	2	83	RESPONSE
769.916678	2	83	RESPONSE
770.108690	2	83	RESPONSE
770.308677	2	83	RESPONSE
770.500691	2	83	RESPONSE
770.700774	2	83	RESPONSE
770.900840	2	83	RESPONSE
771.100763	2	83	RESPONSE
771.157174	2	83	TRIAL_END
771.158103	2	83	CONSEQUENCE
771.158267	2	83	HIT
771.284699	2	84	IET R
771.492730	2	84	IET R
776.165629	2	84	TRIAL_START
778.596719	2	84	RESPONSE
778.812728	2	84	RESPONSE
779.028760	2	84	RESPONSE
779.244766	2	84	RESPONSE
779.484717	2	84	RESPONSE
779.684698	2	84	RESPONSE
779.908762	2	84	RESPONSE
780.124819	2	84	RESPONSE
780.166133	2	84	TRIAL_END
780.166657	2	84	MISS
780.340704	2	85	IET R
780.548849	2	85	IET R
785.178783	2	85	TRIAL_START
789.180126	2	85	TRIAL_END
789.180640	2	85	HIT
794.191056	2	86	TRIAL_START
796.388835	2	86	RESPONSE
796.620855	2	86	RESPONSE
796.820832	2	86	RESPONSE
797.036820	2	86	RESPONSE
797.236842	2	86	RESPONSE
797.452842	2	86	RESPONSE
797.668808	2	86	RESPONSE
797.868813	2	86	RESPONSE
798.116841	2	86	RESPONSE
798.192324	2	86	TRIAL_END
798.193171	2	86	CONSEQUENCE
798.193345	2	86	HIT
798.332796	2	87	IET R
798.524791	2	87	IET R
803.206266	2	87	TRIAL_START
807.207929	2	87	TRIAL_END
807.208690	2	87	HIT
812.219585	2	88	TRIAL_START
814.445049	2	88	RESPONSE
814.684899	2	88	RESPONSE
814.908896	2	88	RESPONSE
815.132895	2	88	RESPONSE
815.348883	2	88	RESPONSE
815.564879	2	88	RESPONSE
815.796905	2	88	RESPONSE
816.020905	2	88	RESPONSE
816.221054	2	88	TRIAL_END
816.221559	2	88	CONSEQUENCE
816.221697	2	88	HIT
816.236886	2	89	IET R
816.460893	2	89	IET R
821.242166	2	89	TRIAL_START
824.133019	2	89	RESPONSE
824.372954	2	89	RESPONSE
824.588977	2	89	RESPONSE
824.796926	2	89	RESPONSE
824.996932	2	89	RESPONSE
825.148975	2	89	RESPONSE
825.243571	2	89	TRIAL_END
825.244112	2	89	CONSEQUENCE
825.244226	2	89	HIT
825.372915	2	90	IET R
825.588929	2	90	IET R
830.257586	2	90	TRIAL_START
834.262007	2	90	TRIAL_END
834.262772	2	90	HIT
839.273756	2	91	TRIAL_START
841.508973	2	91	RESPONSE
841.749093	2	91	RESPONSE
841.964971	2	91	RESPONSE
842.180974	2	91	RESPONSE
842.389041	2	91	RESPONSE
842.605020	2	91	RESPONSE
842.821006	2	91	RESPONSE
843.037019	2	91	RESPONSE
843.268974	2	91	RESPONSE
843.274152	2	91	TRIAL_END
843.274820	2	91	MISS
843.508978	2	92	IET R
848.302898	2	92	TRIAL_START
852.322288	2	92	TRIAL_END
852.323019	2	92	MISS
857.336161	2	93	TRIAL_START
860.117046	2	93	RESPONSE
860.333095	2	93	RESPONSE
860.517058	2	93	RESPONSE
860.741053	2	93	RESPONSE
860.949062	2	93	RESPONSE
861.149032	2	93	RESPONSE
861.337374	2	93	TRIAL_END
861.338027	2	93	MISS
861.357045	2	94	IET R
861.565105	2	94	IET R
861.749073	2	94	IET R
862.013129	2	94	IET R
866.350745	2	94	TRIAL_START
870.356784	2	94	TRIAL_END
870.357534	2	94	HIT
875.367472	2	95	TRIAL_START
879.368787	2	95	TRIAL_END
879.369694	2	95	HIT
884.380656	2	96	TRIAL_START
888.391466	2	96	TRIAL_END
888.392190	2	96	MISS
893.399468	2	97	TRIAL_START
894.749178	2	97	RESPONSE
894.989186	2	97	RESPONSE
895.221200	2	97	RESPONSE
895.445197	2	97	RESPONSE
895.653175	2	97	RESPONSE
895.869187	2	97	RESPONSE
896.077196	2	97	RESPONSE
896.285204	2	97	RESPONSE
896.493193	2	97	RESPONSE
896.709188	2	97	RESPONSE
896.917226	2	97	RESPONSE
897.141294	2	97	RESPONSE
897.381226	2	97	RESPONSE
897.400440	2	97	TRIAL_END
897.401388	2	97	MISS
897.597210	2	98	IET R
902.425805	2	98	TRIAL_START
904.189222	2	98	RESPONSE
904.405229	2	98	RESPONSE
904.597231	2	98	RESPONSE
904.797218	2	98	RESPONSE
904.981231	2	98	RESPONSE
905.181218	2	98	RESPONSE
905.373227	2	98	RESPONSE
905.565234	2	98	RESPONSE
905.765232	2	98	RESPONSE
905.965235	2	98	RESPONSE
906.165234	2	98	RESPONSE
906.365253	2	98	RESPONSE
906.426663	2	98	TRIAL_END
906.427165	2	98	MISS
906.557223	2	99	IET R
906.757236	2	99	IET R
911.436702	2	99	TRIAL_START
915.443172	2	99	TRIAL_END
915.443990	2	99	MISS
920.458153	2	100	TRIAL_START
924.461939	2	100	TRIAL_END
924.462423	2	100	MISS
929.473074	2	101	TRIAL_START
931.069356	2	101	RESPONSE
931.301339	2	101	RESPONSE
931.525352	2	101	RESPONSE
931.725367	2	101	RESPONSE
931.941372	2	101	RESPONSE
932.149334	2	101	RESPONSE
932.373349	2	101	RESPONSE
932.581345	2	101	RESPONSE
932.789344	2	101	RESPONSE
933.013500	2	101	RESPONSE
933.213425	2	101	RESPONSE
933.437362	2	101	RESPONSE
933.473664	2	101	TRIAL_END
933.474358	2	101	CONSEQUENCE
933.474475	2	101	HIT
933.637322	2	102	IET R
933.845347	2	102	IET R
938.482366	2	102	TRIAL_START
942.093413	2	102	RESPONSE
942.325430	2	102	RESPONSE
942.483596	2	102	TRIAL_END
942.484090	2	102	MISS
942.517379	2	103	IET R
942.725385	2	103	IET R
942.901368	2	103	IET R
947.494064	2	103	TRIAL_START
949.549413	2	103	RESPONSE
949.749432	2	103	RESPONSE
949.957407	2	103	RESPONSE
950.149414	2	103	RESPONSE
950.349399	2	103	RESPONSE
950.549410	2	103	RESPONSE
950.749422	2	103	RESPONSE
950.949414	2	103	RESPONSE
951.149440	2	103	RESPONSE
951.325453	2	103	RESPONSE
951.494573	2	103	TRIAL_END
951.495303	2	103	CONSEQUENCE
951.495482	2	103	HIT
951.525628	2	104	IET R
951.685497	2	104	IET R
951.893397	2	104	IET R
956.502331	2	104	TRIAL_START
960.510726	2	104	TRIAL_END
960.511231	2	104	HIT
965.527328	2	105	TRIAL_START
969.532219	2	105	TRIAL_END
969.532715	2	105	HIT
974.543551	2	106	TRIAL_START
978.543773	2	106	TRIAL_END
978.544259	2	106	MISS
983.556479	2	107	TRIAL_START
987.562047	2	107	TRIAL_END
987.562543	2	107	HIT
992.569952	2	108	TRIAL_START
996.584685	2	108	TRIAL_END
996.585636	2	108	MISS
1001.606610	2	109	TRIAL_START
1003.173614	2	109	RESPONSE
1003.429670	2	109	RESPONSE
1003.661639	2	109	RESPONSE
1003.885629	2	109	RESPONSE
1004.101626	2	109	RESPONSE
1004.309642	2	109	RESPONSE
1004.509622	2	109	RESPONSE
1004.717661	2	109	RESPONSE
1004.925616	2	109	RESPONSE
1005.141702	2	109	RESPONSE
1005.609161	2	109	TRIAL_END
1005.609694	2	109	MISS
1010.623163	2	110	TRIAL_START
1012.917669	2	110	RESPONSE
1013.125722	2	110	RESPONSE
1013.309671	2	110	RESPONSE
1013.509787	2	110	RESPONSE
1013.717692	2	110	RESPONSE
1013.925659	2	110	RESPONSE
1014.117658	2	110	RESPONSE
1014.317674	2	110	RESPONSE
1014.525651	2	110	RESPONSE
1014.624245	2	110	TRIAL_END
1014.624809	2	110	MISS
1014.733647	2	111	IET R
1014.933657	2	111	IET R
1019.654179	2	111	TRIAL_START
1023.674560	2	111	TRIAL_END
1023.677237	2	111	MISS
1028.705789	2	112	TRIAL_START
1032.725477	2	112	TRIAL_END
1032.726360	2	112	HIT
1037.752206	2	113	TRIAL_START
1039.549833	2	113	RESPONSE
1039.789755	2	113	RESPONSE
1040.005763	2	113	RESPONSE
1040.213763	2	113	RESPONSE
1040.421830	2	113	RESPONSE
1040.629764	2	113	RESPONSE
1040.837846	2	113	RESPONSE
1041.037777	2	113	RESPONSE
1041.253768	2	113	RESPONSE
1041.453899	2	113	RESPONSE
1041.661782	2	113	RESPONSE
1041.753347	2	113	TRIAL_END
1041.754116	2	113	CONSEQUENCE
1041.754283	2	113	HIT
1041.885793	2	114	IET R
1046.763368	2	114	TRIAL_START
1050.767714	2	114	TRIAL_END
1050.768487	2	114	MISS
1055.776999	2	115	TRIAL_START
1058.701935	2	115	RESPONSE
1058.941876	2	115	RESPONSE
1059.149842	2	115	RESPONSE
1059.341829	2	115	RESPONSE
1059.533861	2	115	RESPONSE
1059.733929	2	115	RESPONSE
1059.777278	2	115	TRIAL_END
1059.778023	2	115	MISS
1059.925851	2	116	IET R
1060.133960	2	116	IET R
1064.786824	2	116	TRIAL_START
1066.845849	2	116	RESPONSE
1067.093854	2	116	RESPONSE
1067.285866	2	116	RESPONSE
1067.469880	2	116	RESPONSE
1067.669913	2	116	RESPONSE
1067.853873	2	116	RESPONSE
1068.045958	2	116	RESPONSE
1068.237876	2	116	RESPONSE
1068.421870	2	116	RESPONSE
1068.613910	2	116	RESPONSE
1068.787898	2	116	TRIAL_END
1068.788655	2	116	MISS
1073.817083	2	117	TRIAL_START
1076.181936	2	117	RESPONSE
1076.365942	2	117	RESPONSE
1076.557894	2	117	RESPONSE
1076.741915	2	117	RESPONSE
1076.917901	2	117	RESPONSE
1077.101899	2	117	RESPONSE
1077.285924	2	117	RESPONSE
1077.469913	2	117	RESPONSE
1077.661945	2	117	RESPONSE
1077.817950	2	117	TRIAL_END
1077.818691	2	117	CONSEQUENCE
1077.818857	2	117	HIT
1077.861933	2	118	IET R
1078.061945	2	118	IET R
1078.229955	2	118	IET R
1082.835666	3	118	TRIAL_START
1092.852778	3	118	TRIAL_END
