time	bloc	trial	event
0.015515	1	1	TRIAL_START
6.020309	1	1	TRIAL_END
6.524319	1	2	TRIAL_START
51.065026	1	2	TRIAL_END
51.612752	1	3	TRIAL_START
57.862001	1	3	RESPONSE
57.863430	1	3	CONSEQUENCE
58.141989	1	3	RESPONSE
58.422112	1	3	RESPONSE
58.734000	1	3	RESPONSE
58.734271	1	3	CONSEQUENCE
59.053986	1	3	RESPONSE
59.293990	1	3	RESPONSE
59.614027	1	3	RESPONSE
59.614276	1	3	CONSEQUENCE
59.909984	1	3	RESPONSE
60.206028	1	3	RESPONSE
60.494011	1	3	RESPONSE
60.494273	1	3	CONSEQUENCE
60.773991	1	3	RESPONSE
61.022002	1	3	RESPONSE
61.310009	1	3	RESPONSE
61.310247	1	3	CONSEQUENCE
61.605998	1	3	RESPONSE
61.878003	1	3	RESPONSE
62.173997	1	3	RESPONSE
62.174261	1	3	CONSEQUENCE
62.445981	1	3	RESPONSE
62.709984	1	3	RESPONSE
63.038007	1	3	RESPONSE
63.038335	1	3	CONSEQUENCE
63.310017	1	3	RESPONSE
63.614034	1	3	RESPONSE
63.885981	1	3	RESPONSE
63.886235	1	3	CONSEQUENCE
64.141992	1	3	RESPONSE
64.437997	1	3	RESPONSE
64.717991	1	3	RESPONSE
64.718250	1	3	CONSEQUENCE
65.006003	1	3	RESPONSE
65.285985	1	3	RESPONSE
65.573988	1	3	RESPONSE
65.574241	1	3	CONSEQUENCE
65.845984	1	3	RESPONSE
66.149983	1	3	RESPONSE
66.406018	1	3	RESPONSE
66.406270	1	3	CONSEQUENCE
66.678058	1	3	RESPONSE
66.966030	1	3	RESPONSE
67.213975	1	3	RESPONSE
67.214242	1	3	CONSEQUENCE
67.509980	1	3	RESPONSE
67.774001	1	3	RESPONSE
68.070021	1	3	RESPONSE
68.070310	1	3	CONSEQUENCE
68.350001	1	3	RESPONSE
71.619868	1	3	TRIAL_END
72.123444	1	4	TRIAL_START
78.124670	1	4	TRIAL_END
78.628961	1	5	TRIAL_START
84.651072	1	5	TRIAL_END
85.155174	1	6	TRIAL_START
88.169618	1	6	TRIAL_END
88.671554	1	7	TRIAL_START
89.676995	1	7	TRIAL_END
90.180957	1	8	TRIAL_START
91.183121	1	8	TRIAL_END
91.687329	1	9	TRIAL_START
92.692724	1	9	TRIAL_END
93.204334	2	10	TRIAL_START
94.158029	2	10	RESPONSE
94.454002	2	10	RESPONSE
94.758016	2	10	RESPONSE
95.054018	2	10	RESPONSE
95.358034	2	10	RESPONSE
95.630014	2	10	RESPONSE
95.934008	2	10	RESPONSE
96.214019	2	10	RESPONSE
96.478020	2	10	RESPONSE
96.782010	2	10	RESPONSE
97.086006	2	10	RESPONSE
97.205720	2	10	TRIAL_END
97.206380	2	10	MISS
97.358011	2	11	IET R
97.662020	2	11	IET R
97.918007	2	11	IET R
98.198036	2	11	IET R
98.485996	2	11	IET R
102.222742	2	11	TRIAL_START
102.894020	2	11	RESPONSE
103.118051	2	11	RESPONSE
103.446015	2	11	RESPONSE
103.717999	2	11	RESPONSE
104.014014	2	11	RESPONSE
104.318011	2	11	RESPONSE
104.614004	2	11	RESPONSE
104.918030	2	11	RESPONSE
105.166018	2	11	RESPONSE
105.486018	2	11	RESPONSE
105.742021	2	11	RESPONSE
106.054023	2	11	RESPONSE
106.223748	2	11	TRIAL_END
106.224342	2	11	CONSEQUENCE
106.224469	2	11	HIT
106.318293	2	12	IET R
106.598023	2	12	IET R
111.235347	2	12	TRIAL_START
111.734069	2	12	RESPONSE
112.021996	2	12	RESPONSE
112.278042	2	12	RESPONSE
112.566047	2	12	RESPONSE
112.846013	2	12	RESPONSE
113.126026	2	12	RESPONSE
113.398006	2	12	RESPONSE
113.694004	2	12	RESPONSE
113.982104	2	12	RESPONSE
114.278020	2	12	RESPONSE
114.534013	2	12	RESPONSE
114.830016	2	12	RESPONSE
115.086063	2	12	RESPONSE
115.236869	2	12	TRIAL_END
115.237712	2	12	CONSEQUENCE
115.237901	2	12	HIT
115.390007	2	13	IET R
115.638004	2	13	IET R
120.246250	2	13	TRIAL_START
120.886033	2	13	RESPONSE
121.166034	2	13	RESPONSE
121.414035	2	13	RESPONSE
121.742027	2	13	RESPONSE
122.006023	2	13	RESPONSE
122.278028	2	13	RESPONSE
122.574031	2	13	RESPONSE
122.878198	2	13	RESPONSE
123.126038	2	13	RESPONSE
123.446172	2	13	RESPONSE
123.750125	2	13	RESPONSE
124.030024	2	13	RESPONSE
124.247532	2	13	TRIAL_END
124.248147	2	13	MISS
124.310075	2	14	IET R
124.614090	2	14	IET R
129.268891	2	14	TRIAL_START
129.718052	2	14	RESPONSE
129.982070	2	14	RESPONSE
130.270034	2	14	RESPONSE
130.550039	2	14	RESPONSE
130.838053	2	14	RESPONSE
131.118042	2	14	RESPONSE
131.406048	2	14	RESPONSE
131.686048	2	14	RESPONSE
131.990047	2	14	RESPONSE
132.246066	2	14	RESPONSE
132.558035	2	14	RESPONSE
132.814124	2	14	RESPONSE
133.142078	2	14	RESPONSE
133.269819	2	14	TRIAL_END
133.270651	2	14	MISS
133.422023	2	15	IET R
138.292755	2	15	TRIAL_START
138.742037	2	15	RESPONSE
139.014058	2	15	RESPONSE
139.262806	2	15	RESPONSE
139.558032	2	15	RESPONSE
139.838045	2	15	RESPONSE
140.158042	2	15	RESPONSE
140.462101	2	15	RESPONSE
140.742049	2	15	RESPONSE
141.030028	2	15	RESPONSE
141.318144	2	15	RESPONSE
141.622021	2	15	RESPONSE
141.886097	2	15	RESPONSE
142.182045	2	15	RESPONSE
142.293701	2	15	TRIAL_END
142.294331	2	15	CONSEQUENCE
142.294446	2	15	HIT
142.478056	2	16	IET R
147.309478	2	16	TRIAL_START
147.774073	2	16	RESPONSE
148.046026	2	16	RESPONSE
148.302044	2	16	RESPONSE
148.582030	2	16	RESPONSE
148.862064	2	16	RESPONSE
149.166041	2	16	RESPONSE
149.446113	2	16	RESPONSE
149.742031	2	16	RESPONSE
149.998049	2	16	RESPONSE
150.302128	2	16	RESPONSE
150.606071	2	16	RESPONSE
150.910093	2	16	RESPONSE
151.182045	2	16	RESPONSE
151.310790	2	16	TRIAL_END
151.311795	2	16	MISS
151.454050	2	17	IET R
151.734056	2	17	IET R
156.322650	2	17	TRIAL_START
156.862079	2	17	RESPONSE
157.110118	2	17	RESPONSE
157.406191	2	17	RESPONSE
157.686058	2	17	RESPONSE
157.958058	2	17	RESPONSE
158.238153	2	17	RESPONSE
158.550058	2	17	RESPONSE
158.814089	2	17	RESPONSE
159.134153	2	17	RESPONSE
159.414069	2	17	RESPONSE
159.646066	2	17	RESPONSE
159.990054	2	17	RESPONSE
160.278050	2	17	RESPONSE
160.323184	2	17	TRIAL_END
160.324045	2	17	MISS
160.574190	2	18	IET R
165.352500	2	18	TRIAL_START
165.942057	2	18	RESPONSE
166.198144	2	18	RESPONSE
166.470110	2	18	RESPONSE
166.766076	2	18	RESPONSE
167.062116	2	18	RESPONSE
167.318052	2	18	RESPONSE
167.622073	2	18	RESPONSE
167.934083	2	18	RESPONSE
168.230050	2	18	RESPONSE
168.526079	2	18	RESPONSE
168.806131	2	18	RESPONSE
169.078186	2	18	RESPONSE
169.353217	2	18	TRIAL_END
169.353833	2	18	CONSEQUENCE
169.353944	2	18	HIT
169.382095	2	19	IET R
169.678048	2	19	IET R
174.379884	2	19	TRIAL_START
174.830088	2	19	RESPONSE
175.102313	2	19	RESPONSE
175.398348	2	19	RESPONSE
175.654111	2	19	RESPONSE
175.926256	2	19	RESPONSE
176.198083	2	19	RESPONSE
176.494363	2	19	RESPONSE
176.766069	2	19	RESPONSE
177.046058	2	19	RESPONSE
177.342052	2	19	RESPONSE
177.638061	2	19	RESPONSE
177.902077	2	19	RESPONSE
178.190091	2	19	RESPONSE
178.380006	2	19	TRIAL_END
178.380840	2	19	MISS
178.462104	2	20	IET R
178.758131	2	20	IET R
183.390170	2	20	TRIAL_START
183.886166	2	20	RESPONSE
184.150119	2	20	RESPONSE
184.422101	2	20	RESPONSE
184.702113	2	20	RESPONSE
184.998080	2	20	RESPONSE
185.246095	2	20	RESPONSE
185.534087	2	20	RESPONSE
185.822090	2	20	RESPONSE
186.094102	2	20	RESPONSE
186.390068	2	20	RESPONSE
186.654080	2	20	RESPONSE
186.942090	2	20	RESPONSE
187.230077	2	20	RESPONSE
187.391156	2	20	TRIAL_END
187.392139	2	20	CONSEQUENCE
187.392377	2	20	HIT
187.542094	2	21	IET R
187.798119	2	21	IET R
192.408814	2	21	TRIAL_START
192.894074	2	21	RESPONSE
193.182119	2	21	RESPONSE
193.454084	2	21	RESPONSE
193.734072	2	21	RESPONSE
193.998080	2	21	RESPONSE
194.278098	2	21	RESPONSE
194.566147	2	21	RESPONSE
194.814138	2	21	RESPONSE
195.150077	2	21	RESPONSE
195.414076	2	21	RESPONSE
195.718114	2	21	RESPONSE
195.990149	2	21	RESPONSE
196.286093	2	21	RESPONSE
196.409812	2	21	TRIAL_END
196.410385	2	21	MISS
196.566216	2	22	IET R
201.421835	2	22	TRIAL_START
201.862094	2	22	RESPONSE
202.150228	2	22	RESPONSE
202.390090	2	22	RESPONSE
202.710099	2	22	RESPONSE
202.950122	2	22	RESPONSE
203.246093	2	22	RESPONSE
203.510108	2	22	RESPONSE
203.830098	2	22	RESPONSE
204.118104	2	22	RESPONSE
204.390125	2	22	RESPONSE
204.686112	2	22	RESPONSE
204.982092	2	22	RESPONSE
205.262098	2	22	RESPONSE
205.422848	2	22	TRIAL_END
205.423449	2	22	MISS
205.558126	2	23	IET R
210.453167	2	23	TRIAL_START
210.846222	2	23	RESPONSE
211.126123	2	23	RESPONSE
211.382110	2	23	RESPONSE
211.654131	2	23	RESPONSE
211.950140	2	23	RESPONSE
212.214084	2	23	RESPONSE
212.510089	2	23	RESPONSE
212.758101	2	23	RESPONSE
213.054133	2	23	RESPONSE
213.318151	2	23	RESPONSE
213.606116	2	23	RESPONSE
213.902111	2	23	RESPONSE
214.190115	2	23	RESPONSE
214.454110	2	23	RESPONSE
214.454184	2	23	TRIAL_END
214.454993	2	23	MISS
214.782187	2	24	IET R
219.466195	2	24	TRIAL_START
219.878142	2	24	RESPONSE
220.158240	2	24	RESPONSE
220.414245	2	24	RESPONSE
220.686132	2	24	RESPONSE
220.934141	2	24	RESPONSE
221.262125	2	24	RESPONSE
221.550221	2	24	RESPONSE
221.822126	2	24	RESPONSE
222.126252	2	24	RESPONSE
222.406143	2	24	RESPONSE
222.702134	2	24	RESPONSE
222.966121	2	24	RESPONSE
223.254157	2	24	RESPONSE
223.467179	2	24	TRIAL_END
223.467774	2	24	CONSEQUENCE
223.467884	2	24	HIT
223.542196	2	25	IET R
223.822127	2	25	IET R
228.489090	2	25	TRIAL_START
229.070117	2	25	RESPONSE
229.350232	2	25	RESPONSE
229.606164	2	25	RESPONSE
229.870141	2	25	RESPONSE
230.158219	2	25	RESPONSE
230.430131	2	25	RESPONSE
230.718176	2	25	RESPONSE
230.990181	2	25	RESPONSE
231.278146	2	25	RESPONSE
231.550272	2	25	RESPONSE
231.846163	2	25	RESPONSE
232.118139	2	25	RESPONSE
232.422129	2	25	RESPONSE
232.489588	2	25	TRIAL_END
232.490183	2	25	CONSEQUENCE
232.490292	2	25	HIT
232.686123	2	26	IET R
237.507459	2	26	TRIAL_START
238.062145	2	26	RESPONSE
238.326153	2	26	RESPONSE
238.574176	2	26	RESPONSE
238.854175	2	26	RESPONSE
239.142222	2	26	RESPONSE
239.422183	2	26	RESPONSE
239.686146	2	26	RESPONSE
239.958126	2	26	RESPONSE
240.222184	2	26	RESPONSE
240.502144	2	26	RESPONSE
240.798153	2	26	RESPONSE
241.078178	2	26	RESPONSE
241.342238	2	26	RESPONSE
241.508048	2	26	TRIAL_END
241.508740	2	26	CONSEQUENCE
241.508870	2	26	HIT
241.630160	2	27	IET R
241.878168	2	27	IET R
246.520562	2	27	TRIAL_START
247.022194	2	27	RESPONSE
247.286168	2	27	RESPONSE
247.566151	2	27	RESPONSE
247.838204	2	27	RESPONSE
248.134148	2	27	RESPONSE
248.390154	2	27	RESPONSE
248.694142	2	27	RESPONSE
248.966164	2	27	RESPONSE
249.270219	2	27	RESPONSE
249.558147	2	27	RESPONSE
249.854218	2	27	RESPONSE
250.134345	2	27	RESPONSE
250.438199	2	27	RESPONSE
250.520767	2	27	TRIAL_END
250.521730	2	27	MISS
250.726154	2	28	IET R
255.528725	2	28	TRIAL_START
256.006159	2	28	RESPONSE
256.246180	2	28	RESPONSE
256.486201	2	28	RESPONSE
256.766190	2	28	RESPONSE
257.038207	2	28	RESPONSE
257.334187	2	28	RESPONSE
257.598161	2	28	RESPONSE
257.886195	2	28	RESPONSE
258.166229	2	28	RESPONSE
258.462166	2	28	RESPONSE
258.742165	2	28	RESPONSE
259.030170	2	28	RESPONSE
259.318210	2	28	RESPONSE
259.529481	2	28	TRIAL_END
259.530054	2	28	CONSEQUENCE
259.530167	2	28	HIT
259.606170	2	29	IET R
264.556696	2	29	TRIAL_START
264.998173	2	29	RESPONSE
265.238266	2	29	RESPONSE
265.486222	2	29	RESPONSE
265.774177	2	29	RESPONSE
266.022183	2	29	RESPONSE
266.318164	2	29	RESPONSE
266.582205	2	29	RESPONSE
266.886172	2	29	RESPONSE
267.142163	2	29	RESPONSE
267.430179	2	29	RESPONSE
267.718197	2	29	RESPONSE
267.998219	2	29	RESPONSE
268.262184	2	29	RESPONSE
268.557589	2	29	TRIAL_END
268.558617	2	29	MISS
268.573251	2	30	IET R
268.814160	2	30	IET R
273.567864	2	30	TRIAL_START
274.062193	2	30	RESPONSE
274.302195	2	30	RESPONSE
274.590242	2	30	RESPONSE
274.854187	2	30	RESPONSE
275.134233	2	30	RESPONSE
275.414272	2	30	RESPONSE
275.678377	2	30	RESPONSE
275.966214	2	30	RESPONSE
276.262221	2	30	RESPONSE
276.558190	2	30	RESPONSE
276.886195	2	30	RESPONSE
277.166228	2	30	RESPONSE
277.494199	2	30	RESPONSE
277.568769	2	30	TRIAL_END
277.569618	2	30	CONSEQUENCE
277.569783	2	30	HIT
277.782173	2	31	IET R
282.587633	2	31	TRIAL_START
283.054193	2	31	RESPONSE
283.310189	2	31	RESPONSE
283.582200	2	31	RESPONSE
283.854193	2	31	RESPONSE
284.142213	2	31	RESPONSE
284.430247	2	31	RESPONSE
284.726214	2	31	RESPONSE
284.998262	2	31	RESPONSE
285.310203	2	31	RESPONSE
285.598210	2	31	RESPONSE
285.886216	2	31	RESPONSE
286.190213	2	31	RESPONSE
286.502211	2	31	RESPONSE
286.588751	2	31	TRIAL_END
286.589755	2	31	CONSEQUENCE
286.589940	2	31	HIT
286.790203	2	32	IET R
291.602564	2	32	TRIAL_START
292.070229	2	32	RESPONSE
292.318205	2	32	RESPONSE
292.614213	2	32	RESPONSE
292.894318	2	32	RESPONSE
293.166219	2	32	RESPONSE
293.454206	2	32	RESPONSE
293.726298	2	32	RESPONSE
294.038229	2	32	RESPONSE
294.318238	2	32	RESPONSE
294.614217	2	32	RESPONSE
294.894201	2	32	RESPONSE
295.190422	2	32	RESPONSE
295.494231	2	32	RESPONSE
295.602938	2	32	TRIAL_END
295.603838	2	32	MISS
295.750220	2	33	IET R
300.610779	2	33	TRIAL_START
301.054268	2	33	RESPONSE
301.310213	2	33	RESPONSE
301.574244	2	33	RESPONSE
301.870207	2	33	RESPONSE
302.142208	2	33	RESPONSE
302.406226	2	33	RESPONSE
302.686217	2	33	RESPONSE
302.958249	2	33	RESPONSE
303.254251	2	33	RESPONSE
303.526251	2	33	RESPONSE
303.814224	2	33	RESPONSE
304.086245	2	33	RESPONSE
304.390248	2	33	RESPONSE
304.611559	2	33	TRIAL_END
304.612156	2	33	CONSEQUENCE
304.612265	2	33	HIT
304.662229	2	34	IET R
304.934243	2	34	IET R
309.639790	2	34	TRIAL_START
310.174315	2	34	RESPONSE
310.446247	2	34	RESPONSE
310.710227	2	34	RESPONSE
310.998237	2	34	RESPONSE
311.262238	2	34	RESPONSE
311.526227	2	34	RESPONSE
311.806299	2	34	RESPONSE
312.094288	2	34	RESPONSE
312.374223	2	34	RESPONSE
312.662242	2	34	RESPONSE
312.942248	2	34	RESPONSE
313.246251	2	34	RESPONSE
313.502230	2	34	RESPONSE
313.641039	2	34	TRIAL_END
313.641937	2	34	MISS
313.822277	2	35	IET R
318.664873	2	35	TRIAL_START
319.118407	2	35	RESPONSE
319.374256	2	35	RESPONSE
319.638230	2	35	RESPONSE
319.902255	2	35	RESPONSE
320.174247	2	35	RESPONSE
320.446274	2	35	RESPONSE
320.718276	2	35	RESPONSE
320.990362	2	35	RESPONSE
321.278258	2	35	RESPONSE
321.550286	2	35	RESPONSE
321.822250	2	35	RESPONSE
322.102285	2	35	RESPONSE
322.374263	2	35	RESPONSE
322.646265	2	35	RESPONSE
322.665475	2	35	TRIAL_END
322.666069	2	35	CONSEQUENCE
322.666189	2	35	HIT
322.958258	2	36	IET R
327.680938	2	36	TRIAL_START
328.158275	2	36	RESPONSE
328.430305	2	36	RESPONSE
328.702260	2	36	RESPONSE
328.990267	2	36	RESPONSE
329.254275	2	36	RESPONSE
329.558286	2	36	RESPONSE
329.838305	2	36	RESPONSE
330.110330	2	36	RESPONSE
330.398266	2	36	RESPONSE
330.694416	2	36	RESPONSE
330.974277	2	36	RESPONSE
331.270266	2	36	RESPONSE
331.566267	2	36	RESPONSE
331.681983	2	36	TRIAL_END
331.682610	2	36	CONSEQUENCE
331.682729	2	36	HIT
331.830464	2	37	IET R
336.692356	2	37	TRIAL_START
337.246368	2	37	RESPONSE
337.494270	2	37	RESPONSE
337.782310	2	37	RESPONSE
338.054269	2	37	RESPONSE
338.334282	2	37	RESPONSE
338.630278	2	37	RESPONSE
338.910304	2	37	RESPONSE
339.206272	2	37	RESPONSE
339.502280	2	37	RESPONSE
339.782407	2	37	RESPONSE
340.078309	2	37	RESPONSE
340.422305	2	37	RESPONSE
340.686289	2	37	RESPONSE
340.693447	2	37	TRIAL_END
340.694054	2	37	CONSEQUENCE
340.694170	2	37	HIT
340.974319	2	38	IET R
345.701074	2	38	TRIAL_START
346.262276	2	38	RESPONSE
346.526303	2	38	RESPONSE
346.806323	2	38	RESPONSE
347.094300	2	38	RESPONSE
347.374323	2	38	RESPONSE
347.678321	2	38	RESPONSE
347.950338	2	38	RESPONSE
348.238337	2	38	RESPONSE
348.502358	2	38	RESPONSE
348.822286	2	38	RESPONSE
349.102343	2	38	RESPONSE
349.382311	2	38	RESPONSE
349.678302	2	38	RESPONSE
349.701516	2	38	TRIAL_END
349.702318	2	38	MISS
349.942346	2	39	IET R
354.728800	2	39	TRIAL_START
355.166315	2	39	RESPONSE
355.438489	2	39	RESPONSE
355.718282	2	39	RESPONSE
355.990341	2	39	RESPONSE
356.270321	2	39	RESPONSE
356.526303	2	39	RESPONSE
356.822321	2	39	RESPONSE
357.086300	2	39	RESPONSE
357.382318	2	39	RESPONSE
357.686403	2	39	RESPONSE
357.950305	2	39	RESPONSE
358.254388	2	39	RESPONSE
358.550311	2	39	RESPONSE
358.729776	2	39	TRIAL_END
358.730350	2	39	MISS
358.838318	2	40	IET R
363.753618	2	40	TRIAL_START
364.278331	2	40	RESPONSE
364.534661	2	40	RESPONSE
364.822331	2	40	RESPONSE
365.086325	2	40	RESPONSE
365.358340	2	40	RESPONSE
365.638327	2	40	RESPONSE
365.910322	2	40	RESPONSE
366.174340	2	40	RESPONSE
366.462354	2	40	RESPONSE
366.734351	2	40	RESPONSE
367.014322	2	40	RESPONSE
367.294343	2	40	RESPONSE
367.574341	2	40	RESPONSE
367.754140	2	40	TRIAL_END
367.754707	2	40	CONSEQUENCE
367.754824	2	40	HIT
367.846336	2	41	IET R
368.118365	2	41	IET R
372.791602	2	41	TRIAL_START
373.222326	2	41	RESPONSE
373.478339	2	41	RESPONSE
373.726409	2	41	RESPONSE
374.006355	2	41	RESPONSE
374.278322	2	41	RESPONSE
374.558337	2	41	RESPONSE
374.830377	2	41	RESPONSE
375.134383	2	41	RESPONSE
375.414339	2	41	RESPONSE
375.710351	2	41	RESPONSE
376.030427	2	41	RESPONSE
376.318354	2	41	RESPONSE
376.638333	2	41	RESPONSE
376.793227	2	41	TRIAL_END
376.794261	2	41	CONSEQUENCE
376.794430	2	41	HIT
376.934705	2	42	IET R
381.808632	2	42	TRIAL_START
382.406439	2	42	RESPONSE
382.678354	2	42	RESPONSE
382.934389	2	42	RESPONSE
383.190383	2	42	RESPONSE
383.478351	2	42	RESPONSE
383.774361	2	42	RESPONSE
384.022427	2	42	RESPONSE
384.286360	2	42	RESPONSE
384.598358	2	42	RESPONSE
384.886378	2	42	RESPONSE
385.174359	2	42	RESPONSE
385.486365	2	42	RESPONSE
385.734366	2	42	RESPONSE
385.809835	2	42	TRIAL_END
385.810647	2	42	MISS
386.030389	2	43	IET R
390.817248	2	43	TRIAL_START
391.366370	2	43	RESPONSE
391.670432	2	43	RESPONSE
391.942378	2	43	RESPONSE
392.214379	2	43	RESPONSE
392.486382	2	43	RESPONSE
392.774366	2	43	RESPONSE
393.054384	2	43	RESPONSE
393.350490	2	43	RESPONSE
393.630414	2	43	RESPONSE
393.934412	2	43	RESPONSE
394.230363	2	43	RESPONSE
394.526425	2	43	RESPONSE
394.798402	2	43	RESPONSE
394.817599	2	43	TRIAL_END
394.818449	2	43	CONSEQUENCE
394.818616	2	43	HIT
395.110371	2	44	IET R
399.827937	2	44	TRIAL_START
400.526404	2	44	RESPONSE
400.790401	2	44	RESPONSE
401.054422	2	44	RESPONSE
401.334432	2	44	RESPONSE
401.614403	2	44	RESPONSE
401.870384	2	44	RESPONSE
402.126399	2	44	RESPONSE
402.390468	2	44	RESPONSE
402.678382	2	44	RESPONSE
402.982393	2	44	RESPONSE
403.270381	2	44	RESPONSE
403.558394	2	44	RESPONSE
403.828828	2	44	TRIAL_END
403.829448	2	44	MISS
403.841496	2	45	IET R
404.102435	2	45	IET R
408.840546	2	45	TRIAL_START
409.574400	2	45	RESPONSE
409.830386	2	45	RESPONSE
410.094401	2	45	RESPONSE
410.390426	2	45	RESPONSE
410.654432	2	45	RESPONSE
410.950425	2	45	RESPONSE
411.206409	2	45	RESPONSE
411.478407	2	45	RESPONSE
411.766412	2	45	RESPONSE
412.022411	2	45	RESPONSE
412.302405	2	45	RESPONSE
412.606466	2	45	RESPONSE
412.841828	2	45	TRIAL_END
412.842642	2	45	MISS
412.886402	2	46	IET R
413.150482	2	46	IET R
417.849896	2	46	TRIAL_START
418.414470	2	46	RESPONSE
418.694673	2	46	RESPONSE
418.966428	2	46	RESPONSE
419.246474	2	46	RESPONSE
419.518503	2	46	RESPONSE
419.758420	2	46	RESPONSE
420.030420	2	46	RESPONSE
420.302439	2	46	RESPONSE
420.566413	2	46	RESPONSE
420.822433	2	46	RESPONSE
421.110432	2	46	RESPONSE
421.398418	2	46	RESPONSE
421.678473	2	46	RESPONSE
421.850310	2	46	TRIAL_END
421.851186	2	46	MISS
422.006450	2	47	IET R
422.230417	2	47	IET R
426.860168	2	47	TRIAL_START
427.414443	2	47	RESPONSE
427.678494	2	47	RESPONSE
427.934431	2	47	RESPONSE
428.214558	2	47	RESPONSE
428.486461	2	47	RESPONSE
428.790563	2	47	RESPONSE
429.038439	2	47	RESPONSE
429.310535	2	47	RESPONSE
429.574461	2	47	RESPONSE
429.838445	2	47	RESPONSE
430.118442	2	47	RESPONSE
430.390452	2	47	RESPONSE
430.678618	2	47	RESPONSE
430.861429	2	47	TRIAL_END
430.862015	2	47	CONSEQUENCE
430.862123	2	47	HIT
430.942457	2	48	IET R
431.214514	2	48	IET R
435.869450	2	48	TRIAL_START
436.526485	2	48	RESPONSE
436.774628	2	48	RESPONSE
437.038466	2	48	RESPONSE
437.302438	2	48	RESPONSE
437.590436	2	48	RESPONSE
437.862436	2	48	RESPONSE
438.150463	2	48	RESPONSE
438.430472	2	48	RESPONSE
438.734463	2	48	RESPONSE
438.998448	2	48	RESPONSE
439.286453	2	48	RESPONSE
439.574522	2	48	RESPONSE
439.854474	2	48	RESPONSE
439.869654	2	48	TRIAL_END
439.870537	2	48	MISS
440.150476	2	49	IET R
444.897613	2	49	TRIAL_START
445.430486	2	49	RESPONSE
445.694506	2	49	RESPONSE
446.006610	2	49	RESPONSE
446.270476	2	49	RESPONSE
446.574540	2	49	RESPONSE
446.854633	2	49	RESPONSE
447.158501	2	49	RESPONSE
447.446482	2	49	RESPONSE
447.710491	2	49	RESPONSE
447.998538	2	49	RESPONSE
448.302468	2	49	RESPONSE
448.558496	2	49	RESPONSE
448.862497	2	49	RESPONSE
448.898793	2	49	TRIAL_END
448.899781	2	49	CONSEQUENCE
448.899946	2	49	HIT
449.150479	2	50	IET R
453.923140	2	50	TRIAL_START
454.486486	2	50	RESPONSE
454.742496	2	50	RESPONSE
455.022568	2	50	RESPONSE
455.278498	2	50	RESPONSE
455.550482	2	50	RESPONSE
455.838589	2	50	RESPONSE
456.110577	2	50	RESPONSE
456.414507	2	50	RESPONSE
456.686484	2	50	RESPONSE
456.950500	2	50	RESPONSE
457.246504	2	50	RESPONSE
457.503021	2	50	RESPONSE
457.798494	2	50	RESPONSE
457.924270	2	50	TRIAL_END
457.925178	2	50	CONSEQUENCE
457.925394	2	50	HIT
458.094488	2	51	IET R
462.941756	2	51	TRIAL_START
463.486604	2	51	RESPONSE
463.782518	2	51	RESPONSE
464.086583	2	51	RESPONSE
464.350621	2	51	RESPONSE
464.630522	2	51	RESPONSE
464.902727	2	51	RESPONSE
465.166540	2	51	RESPONSE
465.422510	2	51	RESPONSE
465.678529	2	51	RESPONSE
465.966556	2	51	RESPONSE
466.238534	2	51	RESPONSE
466.494509	2	51	RESPONSE
466.782524	2	51	RESPONSE
466.942248	2	51	TRIAL_END
466.943290	2	51	CONSEQUENCE
466.943461	2	51	HIT
467.046514	2	52	IET R
467.294508	2	52	IET R
471.956282	2	52	TRIAL_START
472.494536	2	52	RESPONSE
472.758532	2	52	RESPONSE
473.006541	2	52	RESPONSE
473.286549	2	52	RESPONSE
473.518525	2	52	RESPONSE
473.806535	2	52	RESPONSE
474.046533	2	52	RESPONSE
474.310544	2	52	RESPONSE
474.598546	2	52	RESPONSE
474.878523	2	52	RESPONSE
475.126616	2	52	RESPONSE
475.406523	2	52	RESPONSE
475.670542	2	52	RESPONSE
475.957450	2	52	TRIAL_END
475.958045	2	52	MISS
475.972150	2	53	IET R
476.222531	2	53	IET R
480.965812	2	53	TRIAL_START
481.494673	2	53	RESPONSE
481.742588	2	53	RESPONSE
481.990540	2	53	RESPONSE
482.270546	2	53	RESPONSE
482.534555	2	53	RESPONSE
482.798607	2	53	RESPONSE
483.078582	2	53	RESPONSE
483.326576	2	53	RESPONSE
483.598646	2	53	RESPONSE
483.886579	2	53	RESPONSE
484.182533	2	53	RESPONSE
484.470566	2	53	RESPONSE
484.734575	2	53	RESPONSE
484.966978	2	53	TRIAL_END
484.967841	2	53	MISS
485.014739	2	54	IET R
485.286545	2	54	IET R
489.996621	2	54	TRIAL_START
490.454554	2	54	RESPONSE
490.702588	2	54	RESPONSE
490.926601	2	54	RESPONSE
491.198564	2	54	RESPONSE
491.454560	2	54	RESPONSE
491.758606	2	54	RESPONSE
491.998564	2	54	RESPONSE
492.254571	2	54	RESPONSE
492.510650	2	54	RESPONSE
492.766575	2	54	RESPONSE
493.038583	2	54	RESPONSE
493.302555	2	54	RESPONSE
493.598565	2	54	RESPONSE
493.854572	2	54	RESPONSE
493.997392	2	54	TRIAL_END
493.998020	2	54	CONSEQUENCE
493.998133	2	54	HIT
494.158584	2	55	IET R
499.020879	2	55	TRIAL_START
499.510567	2	55	RESPONSE
499.774626	2	55	RESPONSE
500.046616	2	55	RESPONSE
500.318580	2	55	RESPONSE
500.566569	2	55	RESPONSE
500.838585	2	55	RESPONSE
501.086581	2	55	RESPONSE
501.374577	2	55	RESPONSE
501.654582	2	55	RESPONSE
501.950622	2	55	RESPONSE
502.214588	2	55	RESPONSE
502.518622	2	55	RESPONSE
502.822581	2	55	RESPONSE
503.021440	2	55	TRIAL_END
503.022517	2	55	MISS
503.102602	2	56	IET R
508.038885	2	56	TRIAL_START
508.582606	2	56	RESPONSE
508.902612	2	56	RESPONSE
509.166587	2	56	RESPONSE
509.454603	2	56	RESPONSE
509.758665	2	56	RESPONSE
510.006580	2	56	RESPONSE
510.286640	2	56	RESPONSE
510.550636	2	56	RESPONSE
510.838590	2	56	RESPONSE
511.094621	2	56	RESPONSE
511.382702	2	56	RESPONSE
511.646761	2	56	RESPONSE
511.950613	2	56	RESPONSE
512.040167	2	56	TRIAL_END
512.040973	2	56	CONSEQUENCE
512.041089	2	56	HIT
512.206594	2	57	IET R
517.048292	2	57	TRIAL_START
517.614669	2	57	RESPONSE
517.902682	2	57	RESPONSE
518.174620	2	57	RESPONSE
518.438598	2	57	RESPONSE
518.726625	2	57	RESPONSE
518.974620	2	57	RESPONSE
519.278623	2	57	RESPONSE
519.518645	2	57	RESPONSE
519.806695	2	57	RESPONSE
520.070681	2	57	RESPONSE
520.342620	2	57	RESPONSE
520.622742	2	57	RESPONSE
520.894638	2	57	RESPONSE
521.049395	2	57	TRIAL_END
521.050420	2	57	CONSEQUENCE
521.050591	2	57	HIT
521.198624	2	58	IET R
521.454629	2	58	IET R
526.058544	2	58	TRIAL_START
526.574631	2	58	RESPONSE
526.822614	2	58	RESPONSE
527.110655	2	58	RESPONSE
527.382666	2	58	RESPONSE
527.662648	2	58	RESPONSE
527.934646	2	58	RESPONSE
528.190668	2	58	RESPONSE
528.462654	2	58	RESPONSE
528.734651	2	58	RESPONSE
528.998706	2	58	RESPONSE
529.286665	2	58	RESPONSE
529.590647	2	58	RESPONSE
529.854645	2	58	RESPONSE
530.059504	2	58	TRIAL_END
530.060146	2	58	MISS
530.158636	2	59	IET R
530.366682	2	59	IET R
535.085920	2	59	TRIAL_START
535.550652	2	59	RESPONSE
535.806673	2	59	RESPONSE
536.046733	2	59	RESPONSE
536.358651	2	59	RESPONSE
536.590719	2	59	RESPONSE
536.862682	2	59	RESPONSE
537.110676	2	59	RESPONSE
537.398657	2	59	RESPONSE
537.646668	2	59	RESPONSE
537.926780	2	59	RESPONSE
538.198655	2	59	RESPONSE
538.478672	2	59	RESPONSE
538.766655	2	59	RESPONSE
539.038664	2	59	RESPONSE
539.087013	2	59	TRIAL_END
539.087657	2	59	MISS
539.334694	2	60	IET R
544.112051	2	60	TRIAL_START
544.638698	2	60	RESPONSE
544.926690	2	60	RESPONSE
545.206683	2	60	RESPONSE
545.478684	2	60	RESPONSE
545.758690	2	60	RESPONSE
546.014717	2	60	RESPONSE
546.310678	2	60	RESPONSE
546.574874	2	60	RESPONSE
546.870702	2	60	RESPONSE
547.110712	2	60	RESPONSE
547.414677	2	60	RESPONSE
547.686671	2	60	RESPONSE
547.966709	2	60	RESPONSE
548.113529	2	60	TRIAL_END
548.114138	2	60	CONSEQUENCE
548.114280	2	60	HIT
548.238697	2	61	IET R
553.124801	2	61	TRIAL_START
553.798785	2	61	RESPONSE
554.086703	2	61	RESPONSE
554.374701	2	61	RESPONSE
554.630737	2	61	RESPONSE
554.934703	2	61	RESPONSE
555.182699	2	61	RESPONSE
555.486702	2	61	RESPONSE
555.734706	2	61	RESPONSE
556.014742	2	61	RESPONSE
556.278829	2	61	RESPONSE
556.574761	2	61	RESPONSE
556.854688	2	61	RESPONSE
557.126167	2	61	TRIAL_END
557.126751	2	61	CONSEQUENCE
557.126879	2	61	HIT
557.141210	2	62	IET R
557.422724	2	62	IET R
562.140994	2	62	TRIAL_START
562.590770	2	62	RESPONSE
562.870736	2	62	RESPONSE
563.142723	2	62	RESPONSE
563.438765	2	62	RESPONSE
563.686728	2	62	RESPONSE
563.958712	2	62	RESPONSE
564.214735	2	62	RESPONSE
564.534744	2	62	RESPONSE
564.774727	2	62	RESPONSE
565.062797	2	62	RESPONSE
565.326752	2	62	RESPONSE
565.614734	2	62	RESPONSE
565.894727	2	62	RESPONSE
566.126722	2	62	RESPONSE
566.141913	2	62	TRIAL_END
566.142574	2	62	MISS
566.398721	2	63	IET R
571.150804	2	63	TRIAL_START
571.790741	2	63	RESPONSE
572.046748	2	63	RESPONSE
572.294750	2	63	RESPONSE
572.558727	2	63	RESPONSE
572.846742	2	63	RESPONSE
573.110815	2	63	RESPONSE
573.398829	2	63	RESPONSE
573.654754	2	63	RESPONSE
573.926772	2	63	RESPONSE
574.206734	2	63	RESPONSE
574.486757	2	63	RESPONSE
574.750791	2	63	RESPONSE
575.062803	2	63	RESPONSE
575.151058	2	63	TRIAL_END
575.151638	2	63	CONSEQUENCE
575.151754	2	63	HIT
575.310724	2	64	IET R
580.163749	2	64	TRIAL_START
580.782776	2	64	RESPONSE
581.030808	2	64	RESPONSE
581.294764	2	64	RESPONSE
581.574817	2	64	RESPONSE
581.830799	2	64	RESPONSE
582.094767	2	64	RESPONSE
582.342852	2	64	RESPONSE
582.630808	2	64	RESPONSE
582.894835	2	64	RESPONSE
583.190771	2	64	RESPONSE
583.470766	2	64	RESPONSE
583.742804	2	64	RESPONSE
584.030801	2	64	RESPONSE
584.164587	2	64	TRIAL_END
584.165549	2	64	CONSEQUENCE
584.165774	2	64	HIT
584.358771	2	65	IET R
584.606820	2	65	IET R
589.177602	2	65	TRIAL_START
589.838816	2	65	RESPONSE
590.118800	2	65	RESPONSE
590.406843	2	65	RESPONSE
590.670848	2	65	RESPONSE
590.942757	2	65	RESPONSE
591.206829	2	65	RESPONSE
591.470812	2	65	RESPONSE
591.750786	2	65	RESPONSE
592.038854	2	65	RESPONSE
592.302781	2	65	RESPONSE
592.582781	2	65	RESPONSE
592.862802	2	65	RESPONSE
593.126841	2	65	RESPONSE
593.178224	2	65	TRIAL_END
593.178798	2	65	MISS
593.390791	2	66	IET R
598.188603	2	66	TRIAL_START
598.686863	2	66	RESPONSE
598.974794	2	66	RESPONSE
599.238827	2	66	RESPONSE
599.494828	2	66	RESPONSE
599.766824	2	66	RESPONSE
600.070915	2	66	RESPONSE
600.334961	2	66	RESPONSE
600.598799	2	66	RESPONSE
600.862887	2	66	RESPONSE
601.182825	2	66	RESPONSE
601.470896	2	66	RESPONSE
601.758908	2	66	RESPONSE
602.054816	2	66	RESPONSE
602.189596	2	66	TRIAL_END
602.190302	2	66	MISS
602.342825	2	67	IET R
607.203364	2	67	TRIAL_START
607.854830	2	67	RESPONSE
608.134840	2	67	RESPONSE
608.414818	2	67	RESPONSE
608.694822	2	67	RESPONSE
608.966825	2	67	RESPONSE
609.238837	2	67	RESPONSE
609.518859	2	67	RESPONSE
609.790845	2	67	RESPONSE
610.078830	2	67	RESPONSE
610.342821	2	67	RESPONSE
610.646819	2	67	RESPONSE
610.950832	2	67	RESPONSE
611.204027	2	67	TRIAL_END
611.204598	2	67	MISS
611.217993	2	68	IET R
611.526835	2	68	IET R
616.213290	2	68	TRIAL_START
616.798829	2	68	RESPONSE
617.078850	2	68	RESPONSE
617.342853	2	68	RESPONSE
617.614843	2	68	RESPONSE
617.886941	2	68	RESPONSE
618.158848	2	68	RESPONSE
618.422845	2	68	RESPONSE
618.702833	2	68	RESPONSE
618.966828	2	68	RESPONSE
619.246837	2	68	RESPONSE
619.534844	2	68	RESPONSE
619.814890	2	68	RESPONSE
620.110854	2	68	RESPONSE
620.214486	2	68	TRIAL_END
620.215413	2	68	CONSEQUENCE
620.215582	2	68	HIT
620.390855	2	69	IET R
625.241690	2	69	TRIAL_START
625.990885	2	69	RESPONSE
626.270901	2	69	RESPONSE
626.558867	2	69	RESPONSE
626.830922	2	69	RESPONSE
627.118872	2	69	RESPONSE
627.414870	2	69	RESPONSE
627.694902	2	69	RESPONSE
627.966842	2	69	RESPONSE
628.262902	2	69	RESPONSE
628.510862	2	69	RESPONSE
628.782958	2	69	RESPONSE
629.038888	2	69	RESPONSE
629.241952	2	69	TRIAL_END
629.242543	2	69	CONSEQUENCE
629.242688	2	69	HIT
629.350873	2	70	IET R
629.606956	2	70	IET R
634.283345	2	70	TRIAL_START
634.950925	2	70	RESPONSE
635.254892	2	70	RESPONSE
635.534893	2	70	RESPONSE
635.806889	2	70	RESPONSE
636.079009	2	70	RESPONSE
636.366877	2	70	RESPONSE
636.630900	2	70	RESPONSE
636.918891	2	70	RESPONSE
637.190895	2	70	RESPONSE
637.462877	2	70	RESPONSE
637.814890	2	70	RESPONSE
638.094903	2	70	RESPONSE
638.284985	2	70	TRIAL_END
638.285584	2	70	CONSEQUENCE
638.285702	2	70	HIT
638.470899	2	71	IET R
643.291650	2	71	TRIAL_START
643.950891	2	71	RESPONSE
644.214918	2	71	RESPONSE
644.511042	2	71	RESPONSE
644.814907	2	71	RESPONSE
645.126976	2	71	RESPONSE
645.422904	2	71	RESPONSE
645.711107	2	71	RESPONSE
646.022930	2	71	RESPONSE
646.318935	2	71	RESPONSE
646.598908	2	71	RESPONSE
646.918928	2	71	RESPONSE
647.206924	2	71	RESPONSE
647.292463	2	71	TRIAL_END
647.293238	2	71	MISS
647.510897	2	72	IET R
652.310341	2	72	TRIAL_START
652.839003	2	72	RESPONSE
653.143015	2	72	RESPONSE
653.430911	2	72	RESPONSE
653.711075	2	72	RESPONSE
654.006980	2	72	RESPONSE
654.254935	2	72	RESPONSE
654.542954	2	72	RESPONSE
654.830932	2	72	RESPONSE
655.142952	2	72	RESPONSE
655.431064	2	72	RESPONSE
655.742931	2	72	RESPONSE
656.022916	2	72	RESPONSE
656.312047	2	72	TRIAL_END
656.312647	2	72	MISS
656.326917	2	73	IET R
656.598984	2	73	IET R
661.321778	2	73	TRIAL_START
661.942980	2	73	RESPONSE
662.246965	2	73	RESPONSE
662.518947	2	73	RESPONSE
662.806966	2	73	RESPONSE
663.087084	2	73	RESPONSE
663.382973	2	73	RESPONSE
663.670954	2	73	RESPONSE
663.966960	2	73	RESPONSE
664.254954	2	73	RESPONSE
664.518943	2	73	RESPONSE
664.799000	2	73	RESPONSE
665.071003	2	73	RESPONSE
665.322675	2	73	TRIAL_END
665.323584	2	73	MISS
665.374959	2	74	IET R
665.646968	2	74	IET R
670.352285	2	74	TRIAL_START
670.926965	2	74	RESPONSE
671.230971	2	74	RESPONSE
671.518977	2	74	RESPONSE
671.814958	2	74	RESPONSE
672.094979	2	74	RESPONSE
672.374979	2	74	RESPONSE
672.647133	2	74	RESPONSE
672.967036	2	74	RESPONSE
673.239052	2	74	RESPONSE
673.502993	2	74	RESPONSE
673.782983	2	74	RESPONSE
674.102977	2	74	RESPONSE
674.353289	2	74	TRIAL_END
674.355461	2	74	CONSEQUENCE
674.355606	2	74	HIT
674.367195	2	75	IET R
674.639013	2	75	IET R
679.380029	2	75	TRIAL_START
680.055008	2	75	RESPONSE
680.367082	2	75	RESPONSE
680.638995	2	75	RESPONSE
680.943008	2	75	RESPONSE
681.231049	2	75	RESPONSE
681.559000	2	75	RESPONSE
681.879008	2	75	RESPONSE
682.190992	2	75	RESPONSE
682.455012	2	75	RESPONSE
682.751061	2	75	RESPONSE
683.054994	2	75	RESPONSE
683.375116	2	75	RESPONSE
683.380281	2	75	TRIAL_END
683.380830	2	75	CONSEQUENCE
683.380938	2	75	HIT
683.655069	2	76	IET R
688.396567	2	76	TRIAL_START
688.847016	2	76	RESPONSE
689.207010	2	76	RESPONSE
689.463127	2	76	RESPONSE
689.743048	2	76	RESPONSE
690.047172	2	76	RESPONSE
690.327157	2	76	RESPONSE
690.623082	2	76	RESPONSE
690.911046	2	76	RESPONSE
691.223046	2	76	RESPONSE
691.487060	2	76	RESPONSE
691.775035	2	76	RESPONSE
692.055019	2	76	RESPONSE
692.335047	2	76	RESPONSE
692.397467	2	76	TRIAL_END
692.398111	2	76	MISS
692.631008	2	77	IET R
697.409074	2	77	TRIAL_START
698.031209	2	77	RESPONSE
698.367055	2	77	RESPONSE
698.647054	2	77	RESPONSE
698.943056	2	77	RESPONSE
699.223065	2	77	RESPONSE
699.527160	2	77	RESPONSE
699.799054	2	77	RESPONSE
700.087082	2	77	RESPONSE
700.391103	2	77	RESPONSE
700.663110	2	77	RESPONSE
700.943059	2	77	RESPONSE
701.247144	2	77	RESPONSE
701.410191	2	77	TRIAL_END
701.410784	2	77	CONSEQUENCE
701.410910	2	77	HIT
701.535082	2	78	IET R
701.831059	2	78	IET R
706.421388	2	78	TRIAL_START
707.143228	2	78	RESPONSE
707.463170	2	78	RESPONSE
707.727087	2	78	RESPONSE
708.007106	2	78	RESPONSE
708.287202	2	78	RESPONSE
708.575101	2	78	RESPONSE
708.847159	2	78	RESPONSE
709.159124	2	78	RESPONSE
709.447094	2	78	RESPONSE
709.711088	2	78	RESPONSE
709.983090	2	78	RESPONSE
710.271096	2	78	RESPONSE
710.421979	2	78	TRIAL_END
710.422995	2	78	MISS
710.567262	2	79	IET R
710.839102	2	79	IET R
715.448722	2	79	TRIAL_START
716.071122	2	79	RESPONSE
716.359111	2	79	RESPONSE
716.639107	2	79	RESPONSE
716.919190	2	79	RESPONSE
717.191268	2	79	RESPONSE
717.463106	2	79	RESPONSE
717.767115	2	79	RESPONSE
718.039111	2	79	RESPONSE
718.351487	2	79	RESPONSE
718.631118	2	79	RESPONSE
718.935231	2	79	RESPONSE
719.231118	2	79	RESPONSE
719.449329	2	79	TRIAL_END
719.450315	2	79	CONSEQUENCE
719.450475	2	79	HIT
719.519144	2	80	IET R
719.815157	2	80	IET R
724.462588	2	80	TRIAL_START
725.287141	2	80	RESPONSE
725.567137	2	80	RESPONSE
725.831161	2	80	RESPONSE
726.135122	2	80	RESPONSE
726.439120	2	80	RESPONSE
726.711133	2	80	RESPONSE
726.999142	2	80	RESPONSE
727.303308	2	80	RESPONSE
727.591258	2	80	RESPONSE
727.903207	2	80	RESPONSE
728.175138	2	80	RESPONSE
728.463203	2	80	TRIAL_END
728.463797	2	80	CONSEQUENCE
728.463913	2	80	HIT
728.551136	2	81	IET R
728.847169	2	81	IET R
733.482923	2	81	TRIAL_START
734.111151	2	81	RESPONSE
734.423133	2	81	RESPONSE
734.711145	2	81	RESPONSE
734.999179	2	81	RESPONSE
735.343175	2	81	RESPONSE
735.615254	2	81	RESPONSE
735.895121	2	81	RESPONSE
736.183151	2	81	RESPONSE
736.479213	2	81	RESPONSE
736.727174	2	81	RESPONSE
737.007233	2	81	RESPONSE
737.287159	2	81	RESPONSE
737.483246	2	81	TRIAL_END
737.483838	2	81	MISS
737.591168	2	82	IET R
737.839167	2	82	IET R
742.498618	2	82	TRIAL_START
743.319192	2	82	RESPONSE
743.591167	2	82	RESPONSE
743.871181	2	82	RESPONSE
744.151376	2	82	RESPONSE
744.439160	2	82	RESPONSE
744.767186	2	82	RESPONSE
745.055191	2	82	RESPONSE
745.311295	2	82	RESPONSE
745.639216	2	82	RESPONSE
745.887183	2	82	RESPONSE
746.167261	2	82	RESPONSE
746.439191	2	82	RESPONSE
746.499621	2	82	TRIAL_END
746.500220	2	82	MISS
746.719163	2	83	IET R
747.111212	2	83	IET R
751.507897	2	83	TRIAL_START
752.263228	2	83	RESPONSE
752.575311	2	83	RESPONSE
752.863246	2	83	RESPONSE
753.135276	2	83	RESPONSE
753.423304	2	83	RESPONSE
753.687207	2	83	RESPONSE
753.975257	2	83	RESPONSE
754.271235	2	83	RESPONSE
754.543215	2	83	RESPONSE
754.831246	2	83	RESPONSE
755.119215	2	83	RESPONSE
755.431279	2	83	RESPONSE
755.508763	2	83	TRIAL_END
755.509369	2	83	CONSEQUENCE
755.509501	2	83	HIT
755.679217	2	84	IET R
755.959229	2	84	IET R
760.539612	2	84	TRIAL_START
761.143302	2	84	RESPONSE
761.455209	2	84	RESPONSE
761.743230	2	84	RESPONSE
762.031212	2	84	RESPONSE
762.319225	2	84	RESPONSE
762.623252	2	84	RESPONSE
762.911211	2	84	RESPONSE
763.199212	2	84	RESPONSE
763.487204	2	84	RESPONSE
763.759216	2	84	RESPONSE
764.047277	2	84	RESPONSE
764.335232	2	84	RESPONSE
764.540553	2	84	TRIAL_END
764.541132	2	84	CONSEQUENCE
764.541242	2	84	HIT
764.615268	2	85	IET R
764.895205	2	85	IET R
769.565695	2	85	TRIAL_START
770.455254	2	85	RESPONSE
770.743257	2	85	RESPONSE
771.015218	2	85	RESPONSE
771.319215	2	85	RESPONSE
771.599372	2	85	RESPONSE
771.895235	2	85	RESPONSE
772.199214	2	85	RESPONSE
772.503233	2	85	RESPONSE
772.775228	2	85	RESPONSE
773.071250	2	85	RESPONSE
773.351236	2	85	RESPONSE
773.566394	2	85	TRIAL_END
773.567239	2	85	MISS
773.623223	2	86	IET R
773.911227	2	86	IET R
778.584284	2	86	TRIAL_START
779.407257	2	86	RESPONSE
779.695319	2	86	RESPONSE
779.983258	2	86	RESPONSE
780.271271	2	86	RESPONSE
780.615258	2	86	RESPONSE
780.935302	2	86	RESPONSE
781.199402	2	86	RESPONSE
781.495344	2	86	RESPONSE
781.767261	2	86	RESPONSE
782.079257	2	86	RESPONSE
782.407262	2	86	RESPONSE
782.585064	2	86	TRIAL_END
782.585618	2	86	MISS
782.727267	2	87	IET R
783.031272	2	87	IET R
787.598617	2	87	TRIAL_START
788.239274	2	87	RESPONSE
788.527391	2	87	RESPONSE
788.815277	2	87	RESPONSE
789.095291	2	87	RESPONSE
789.367278	2	87	RESPONSE
789.639292	2	87	RESPONSE
789.935268	2	87	RESPONSE
790.215294	2	87	RESPONSE
790.535333	2	87	RESPONSE
790.807406	2	87	RESPONSE
791.111266	2	87	RESPONSE
791.455295	2	87	RESPONSE
791.600125	2	87	TRIAL_END
791.601046	2	87	CONSEQUENCE
791.601181	2	87	HIT
791.727293	2	88	IET R
792.047281	2	88	IET R
796.610395	2	88	TRIAL_START
797.471302	2	88	RESPONSE
797.783295	2	88	RESPONSE
798.039310	2	88	RESPONSE
798.311297	2	88	RESPONSE
798.599301	2	88	RESPONSE
798.951306	2	88	RESPONSE
799.215379	2	88	RESPONSE
799.479298	2	88	RESPONSE
799.775296	2	88	RESPONSE
800.063312	2	88	RESPONSE
800.359365	2	88	RESPONSE
800.611046	2	88	TRIAL_END
800.611619	2	88	MISS
800.663312	2	89	IET R
800.943316	2	89	IET R
805.640784	2	89	TRIAL_START
806.287317	2	89	RESPONSE
806.591562	2	89	RESPONSE
806.831336	2	89	RESPONSE
807.111352	2	89	RESPONSE
807.383322	2	89	RESPONSE
807.647327	2	89	RESPONSE
807.959361	2	89	RESPONSE
808.247320	2	89	RESPONSE
808.583320	2	89	RESPONSE
808.855400	2	89	RESPONSE
809.167367	2	89	RESPONSE
809.431454	2	89	RESPONSE
809.641111	2	89	TRIAL_END
809.641679	2	89	MISS
809.735341	2	90	IET R
810.007341	2	90	IET R
814.666169	2	90	TRIAL_START
815.639337	2	90	RESPONSE
815.911350	2	90	RESPONSE
816.207343	2	90	RESPONSE
816.487355	2	90	RESPONSE
816.759341	2	90	RESPONSE
817.063346	2	90	RESPONSE
817.351394	2	90	RESPONSE
817.647358	2	90	RESPONSE
817.935345	2	90	RESPONSE
818.239345	2	90	RESPONSE
818.519408	2	90	RESPONSE
818.667106	2	90	TRIAL_END
818.667700	2	90	CONSEQUENCE
818.667815	2	90	HIT
818.823348	2	91	IET R
823.689980	2	91	TRIAL_START
824.663375	2	91	RESPONSE
824.959396	2	91	RESPONSE
825.239376	2	91	RESPONSE
825.535410	2	91	RESPONSE
825.839355	2	91	RESPONSE
826.111364	2	91	RESPONSE
826.415411	2	91	RESPONSE
826.703372	2	91	RESPONSE
827.015424	2	91	RESPONSE
827.319370	2	91	RESPONSE
827.583473	2	91	RESPONSE
827.691181	2	91	TRIAL_END
827.691771	2	91	MISS
827.871433	2	92	IET R
828.191386	2	92	IET R
832.704101	2	92	TRIAL_START
833.599476	2	92	RESPONSE
833.887395	2	92	RESPONSE
834.159422	2	92	RESPONSE
834.447461	2	92	RESPONSE
834.743440	2	92	RESPONSE
835.015443	2	92	RESPONSE
835.295419	2	92	RESPONSE
835.591401	2	92	RESPONSE
835.855435	2	92	RESPONSE
836.151403	2	92	RESPONSE
836.447419	2	92	RESPONSE
836.705653	2	92	TRIAL_END
836.706467	2	92	CONSEQUENCE
836.706648	2	92	HIT
836.720212	2	93	IET R
836.991398	2	93	IET R
841.716475	2	93	TRIAL_START
842.583429	2	93	RESPONSE
842.863445	2	93	RESPONSE
843.135419	2	93	RESPONSE
843.407410	2	93	RESPONSE
843.687428	2	93	RESPONSE
843.951427	2	93	RESPONSE
844.231432	2	93	RESPONSE
844.519470	2	93	RESPONSE
844.791488	2	93	RESPONSE
845.071426	2	93	RESPONSE
845.351421	2	93	RESPONSE
845.615483	2	93	RESPONSE
845.717096	2	93	TRIAL_END
845.717668	2	93	CONSEQUENCE
845.717776	2	93	HIT
845.919458	2	94	IET R
850.747500	2	94	TRIAL_START
851.415434	2	94	RESPONSE
851.727462	2	94	RESPONSE
851.999435	2	94	RESPONSE
852.279461	2	94	RESPONSE
852.567466	2	94	RESPONSE
852.879518	2	94	RESPONSE
853.135442	2	94	RESPONSE
853.455450	2	94	RESPONSE
853.743465	2	94	RESPONSE
854.031472	2	94	RESPONSE
854.319481	2	94	RESPONSE
854.583475	2	94	RESPONSE
854.748415	2	94	TRIAL_END
854.749027	2	94	MISS
854.887497	2	95	IET R
859.758329	2	95	TRIAL_START
860.551467	2	95	RESPONSE
860.839522	2	95	RESPONSE
861.095451	2	95	RESPONSE
861.391470	2	95	RESPONSE
861.663461	2	95	RESPONSE
861.935464	2	95	RESPONSE
862.255485	2	95	RESPONSE
862.551479	2	95	RESPONSE
862.847474	2	95	RESPONSE
863.159495	2	95	RESPONSE
863.431564	2	95	RESPONSE
863.727485	2	95	RESPONSE
863.758755	2	95	TRIAL_END
863.759403	2	95	CONSEQUENCE
863.759517	2	95	HIT
864.039733	2	96	IET R
868.776779	2	96	TRIAL_START
869.855479	2	96	RESPONSE
870.119490	2	96	RESPONSE
870.391488	2	96	RESPONSE
870.663652	2	96	RESPONSE
870.951513	2	96	RESPONSE
871.239545	2	96	RESPONSE
871.527485	2	96	RESPONSE
871.807552	2	96	RESPONSE
872.111485	2	96	RESPONSE
872.391509	2	96	RESPONSE
872.695508	2	96	RESPONSE
872.778045	2	96	TRIAL_END
872.778772	2	96	MISS
872.975504	2	97	IET R
877.793861	2	97	TRIAL_START
878.351522	2	97	RESPONSE
878.711539	2	97	RESPONSE
878.967591	2	97	RESPONSE
879.279518	2	97	RESPONSE
879.575506	2	97	RESPONSE
879.863565	2	97	RESPONSE
880.159534	2	97	RESPONSE
880.471587	2	97	RESPONSE
880.759530	2	97	RESPONSE
881.055505	2	97	RESPONSE
881.343521	2	97	RESPONSE
881.599541	2	97	RESPONSE
881.795620	2	97	TRIAL_END
881.798491	2	97	MISS
881.919525	2	98	IET R
882.199595	2	98	IET R
886.808313	2	98	TRIAL_START
887.615541	2	98	RESPONSE
887.919536	2	98	RESPONSE
888.207541	2	98	RESPONSE
888.503583	2	98	RESPONSE
888.815563	2	98	RESPONSE
889.119594	2	98	RESPONSE
889.407545	2	98	RESPONSE
889.703557	2	98	RESPONSE
890.015554	2	98	RESPONSE
890.279548	2	98	RESPONSE
890.559571	2	98	RESPONSE
890.808920	2	98	TRIAL_END
890.809741	2	98	CONSEQUENCE
890.809908	2	98	HIT
890.879548	2	99	IET R
891.151569	2	99	IET R
895.838844	2	99	TRIAL_START
896.615576	2	99	RESPONSE
896.911576	2	99	RESPONSE
897.223555	2	99	RESPONSE
897.495645	2	99	RESPONSE
897.799574	2	99	RESPONSE
898.111568	2	99	RESPONSE
898.399583	2	99	RESPONSE
898.719580	2	99	RESPONSE
899.015571	2	99	RESPONSE
899.311557	2	99	RESPONSE
899.631645	2	99	RESPONSE
899.839721	2	99	TRIAL_END
899.840562	2	99	MISS
899.927624	2	100	IET R
900.223564	2	100	IET R
904.848574	2	100	TRIAL_START
905.503581	2	100	RESPONSE
905.799641	2	100	RESPONSE
906.087594	2	100	RESPONSE
906.399585	2	100	RESPONSE
906.711593	2	100	RESPONSE
906.991685	2	100	RESPONSE
907.255602	2	100	RESPONSE
907.551614	2	100	RESPONSE
907.847570	2	100	RESPONSE
908.199620	2	100	RESPONSE
908.495823	2	100	RESPONSE
908.799615	2	100	RESPONSE
908.848958	2	100	TRIAL_END
908.849554	2	100	MISS
909.119605	2	101	IET R
913.869138	2	101	TRIAL_START
914.575719	2	101	RESPONSE
914.871610	2	101	RESPONSE
915.151627	2	101	RESPONSE
915.455653	2	101	RESPONSE
915.743627	2	101	RESPONSE
916.055701	2	101	RESPONSE
916.335627	2	101	RESPONSE
916.639623	2	101	RESPONSE
916.927631	2	101	RESPONSE
917.207628	2	101	RESPONSE
917.495631	2	101	RESPONSE
917.807631	2	101	RESPONSE
917.870061	2	101	TRIAL_END
917.870839	2	101	CONSEQUENCE
917.871007	2	101	HIT
918.087663	2	102	IET R
922.883138	2	102	TRIAL_START
923.583647	2	102	RESPONSE
923.903644	2	102	RESPONSE
924.207650	2	102	RESPONSE
924.487709	2	102	RESPONSE
924.767663	2	102	RESPONSE
925.047652	2	102	RESPONSE
925.343683	2	102	RESPONSE
925.655676	2	102	RESPONSE
925.951652	2	102	RESPONSE
926.247647	2	102	RESPONSE
926.551763	2	102	RESPONSE
926.871647	2	102	RESPONSE
926.883813	2	102	TRIAL_END
926.884678	2	102	CONSEQUENCE
926.884874	2	102	HIT
927.143672	2	103	IET R
931.895177	2	103	TRIAL_START
932.487692	2	103	RESPONSE
932.823790	2	103	RESPONSE
933.103683	2	103	RESPONSE
933.407685	2	103	RESPONSE
933.647705	2	103	RESPONSE
933.959746	2	103	RESPONSE
934.255676	2	103	RESPONSE
934.535783	2	103	RESPONSE
934.815692	2	103	RESPONSE
935.135664	2	103	RESPONSE
935.407683	2	103	RESPONSE
935.727666	2	103	RESPONSE
935.896509	2	103	TRIAL_END
935.897060	2	103	MISS
936.055781	2	104	IET R
940.949173	2	104	TRIAL_START
941.647713	2	104	RESPONSE
941.991683	2	104	RESPONSE
942.287699	2	104	RESPONSE
942.607730	2	104	RESPONSE
942.895695	2	104	RESPONSE
943.183713	2	104	RESPONSE
943.503693	2	104	RESPONSE
943.799728	2	104	RESPONSE
944.111719	2	104	RESPONSE
944.447750	2	104	RESPONSE
944.751702	2	104	RESPONSE
944.949505	2	104	TRIAL_END
944.950112	2	104	MISS
945.071692	2	105	IET R
945.367712	2	105	IET R
949.974345	2	105	TRIAL_START
950.543734	2	105	RESPONSE
950.871757	2	105	RESPONSE
951.183735	2	105	RESPONSE
951.479750	2	105	RESPONSE
951.791728	2	105	RESPONSE
952.095728	2	105	RESPONSE
952.407801	2	105	RESPONSE
952.727720	2	105	RESPONSE
953.031727	2	105	RESPONSE
953.335734	2	105	RESPONSE
953.655721	2	105	RESPONSE
953.959722	2	105	RESPONSE
953.974916	2	105	TRIAL_END
953.975527	2	105	CONSEQUENCE
953.975650	2	105	HIT
954.295716	2	106	IET R
958.995471	2	106	TRIAL_START
959.703739	2	106	RESPONSE
959.999747	2	106	RESPONSE
960.319825	2	106	RESPONSE
960.615740	2	106	RESPONSE
960.911745	2	106	RESPONSE
961.207817	2	106	RESPONSE
961.519839	2	106	RESPONSE
961.823748	2	106	RESPONSE
962.119753	2	106	RESPONSE
962.423740	2	106	RESPONSE
962.751755	2	106	RESPONSE
962.996942	2	106	TRIAL_END
962.997945	2	106	MISS
963.047736	2	107	IET R
963.359752	2	107	IET R
968.012752	2	107	TRIAL_START
968.751760	2	107	RESPONSE
969.063747	2	107	RESPONSE
969.359806	2	107	RESPONSE
969.647782	2	107	RESPONSE
969.943833	2	107	RESPONSE
970.239792	2	107	RESPONSE
970.559779	2	107	RESPONSE
970.863961	2	107	RESPONSE
971.183865	2	107	RESPONSE
971.495792	2	107	RESPONSE
971.815872	2	107	RESPONSE
972.013871	2	107	TRIAL_END
972.014486	2	107	MISS
972.119760	2	108	IET R
972.343839	2	108	IET R
977.025855	2	108	TRIAL_START
978.015855	2	108	RESPONSE
978.343816	2	108	RESPONSE
978.639819	2	108	RESPONSE
978.959800	2	108	RESPONSE
979.255850	2	108	RESPONSE
979.567847	2	108	RESPONSE
979.863883	2	108	RESPONSE
980.207843	2	108	RESPONSE
980.519795	2	108	RESPONSE
980.855813	2	108	RESPONSE
981.026769	2	108	TRIAL_END
981.027388	2	108	CONSEQUENCE
981.027499	2	108	HIT
981.215802	2	109	IET R
986.059261	2	109	TRIAL_START
986.855859	2	109	RESPONSE
987.167901	2	109	RESPONSE
987.495918	2	109	RESPONSE
987.799855	2	109	RESPONSE
988.127807	2	109	RESPONSE
988.423838	2	109	RESPONSE
988.751813	2	109	RESPONSE
989.063817	2	109	RESPONSE
989.391832	2	109	RESPONSE
989.679826	2	109	RESPONSE
989.991819	2	109	RESPONSE
990.060249	2	109	TRIAL_END
990.060815	2	109	CONSEQUENCE
990.060929	2	109	HIT
990.335855	2	110	IET R
995.086830	2	110	TRIAL_START
995.768001	2	110	RESPONSE
996.071846	2	110	RESPONSE
996.392012	2	110	RESPONSE
996.711845	2	110	RESPONSE
997.015881	2	110	RESPONSE
997.343947	2	110	RESPONSE
997.623916	2	110	RESPONSE
997.959932	2	110	RESPONSE
998.231862	2	110	RESPONSE
998.551870	2	110	RESPONSE
998.895865	2	110	RESPONSE
999.087702	2	110	TRIAL_END
999.088506	2	110	MISS
999.175931	2	111	IET R
999.487863	2	111	IET R
1004.108818	2	111	TRIAL_START
1004.703992	2	111	RESPONSE
1005.031876	2	111	RESPONSE
1005.343873	2	111	RESPONSE
1005.663882	2	111	RESPONSE
1005.975907	2	111	RESPONSE
1006.303898	2	111	RESPONSE
1006.599917	2	111	RESPONSE
1006.895870	2	111	RESPONSE
1007.207893	2	111	RESPONSE
1007.503897	2	111	RESPONSE
1007.815884	2	111	RESPONSE
1008.109984	2	111	TRIAL_END
1008.110559	2	111	CONSEQUENCE
1008.110670	2	111	HIT
1008.151888	2	112	IET R
1008.455932	2	112	IET R
1013.119112	2	112	TRIAL_START
1013.719891	2	112	RESPONSE
1014.063909	2	112	RESPONSE
1014.335921	2	112	RESPONSE
1014.655966	2	112	RESPONSE
1014.999918	2	112	RESPONSE
1015.311892	2	112	RESPONSE
1015.599897	2	112	RESPONSE
1015.887887	2	112	RESPONSE
1016.199915	2	112	RESPONSE
1016.527894	2	112	RESPONSE
1016.823919	2	112	RESPONSE
1017.119995	2	112	RESPONSE
1017.120072	2	112	TRIAL_END
1017.121016	2	112	CONSEQUENCE
1017.121202	2	112	HIT
1017.431975	2	113	IET R
1022.130384	2	113	TRIAL_START
1022.879917	2	113	RESPONSE
1023.175909	2	113	RESPONSE
1023.479927	2	113	RESPONSE
1023.759923	2	113	RESPONSE
1024.119942	2	113	RESPONSE
1024.439939	2	113	RESPONSE
1024.735919	2	113	RESPONSE
1025.048059	2	113	RESPONSE
1025.367915	2	113	RESPONSE
1025.695956	2	113	RESPONSE
1025.975939	2	113	RESPONSE
1026.131049	2	113	TRIAL_END
1026.131846	2	113	MISS
1026.295938	2	114	IET R
1031.162900	2	114	TRIAL_START
1031.759942	2	114	RESPONSE
1032.111984	2	114	RESPONSE
1032.407966	2	114	RESPONSE
1032.711954	2	114	RESPONSE
1033.039944	2	114	RESPONSE
1033.351985	2	114	RESPONSE
1033.679999	2	114	RESPONSE
1034.023977	2	114	RESPONSE
1034.352011	2	114	RESPONSE
1034.671975	2	114	RESPONSE
1034.999952	2	114	RESPONSE
1035.163382	2	114	TRIAL_END
1035.163979	2	114	CONSEQUENCE
1035.164099	2	114	HIT
1035.287955	2	115	IET R
1040.178627	2	115	TRIAL_START
1040.832125	2	115	RESPONSE
1041.167965	2	115	RESPONSE
1041.463986	2	115	RESPONSE
1041.784239	2	115	RESPONSE
1042.135962	2	115	RESPONSE
1042.423973	2	115	RESPONSE
1042.776012	2	115	RESPONSE
1043.064000	2	115	RESPONSE
1043.375992	2	115	RESPONSE
1043.680002	2	115	RESPONSE
1043.999993	2	115	RESPONSE
1044.179095	2	115	TRIAL_END
1044.180098	2	115	MISS
1044.287994	2	116	IET R
1049.202467	2	116	TRIAL_START
1049.928000	2	116	RESPONSE
1050.287995	2	116	RESPONSE
1050.608036	2	116	RESPONSE
1050.920011	2	116	RESPONSE
1051.240043	2	116	RESPONSE
1051.567999	2	116	RESPONSE
1051.912007	2	116	RESPONSE
1052.215997	2	116	RESPONSE
1052.552017	2	116	RESPONSE
1052.856042	2	116	RESPONSE
1053.168009	2	116	RESPONSE
1053.203301	2	116	TRIAL_END
1053.204141	2	116	MISS
1053.464002	2	117	IET R
1058.216998	2	117	TRIAL_START
1059.088030	2	117	RESPONSE
1059.408051	2	117	RESPONSE
1059.744083	2	117	RESPONSE
1060.040065	2	117	RESPONSE
1060.336029	2	117	RESPONSE
1060.648036	2	117	RESPONSE
1060.968041	2	117	RESPONSE
1061.272081	2	117	RESPONSE
1061.584061	2	117	RESPONSE
1061.872063	2	117	RESPONSE
1062.192032	2	117	RESPONSE
1062.217263	2	117	TRIAL_END
1062.217836	2	117	CONSEQUENCE
1062.217945	2	117	HIT
1062.504031	2	118	IET R
1067.222143	3	118	TRIAL_START
1077.223072	3	118	TRIAL_END
