time	bloc	trial	event
0.051847	1	1	TRIAL_START
6.056702	1	1	TRIAL_END
7.058645	1	2	TRIAL_START
81.293547	1	2	TRIAL_END
82.360867	1	3	TRIAL_START
85.690424	1	3	RESPONSE
85.690700	1	3	CONSEQUENCE
85.946379	1	3	RESPONSE
86.194401	1	3	RESPONSE
86.498427	1	3	RESPONSE
86.498722	1	3	CONSEQUENCE
93.138437	1	3	RESPONSE
93.138790	1	3	CONSEQUENCE
93.418391	1	3	RESPONSE
93.666371	1	3	RESPONSE
93.994403	1	3	RESPONSE
93.994650	1	3	CONSEQUENCE
94.226366	1	3	RESPONSE
94.458445	1	3	RESPONSE
94.682347	1	3	RESPONSE
94.914412	1	3	RESPONSE
94.914756	1	3	CONSEQUENCE
95.146497	1	3	RESPONSE
95.354457	1	3	RESPONSE
95.634415	1	3	RESPONSE
95.882414	1	3	RESPONSE
95.882696	1	3	CONSEQUENCE
96.098402	1	3	RESPONSE
96.314392	1	3	RESPONSE
96.594388	1	3	RESPONSE
96.842594	1	3	RESPONSE
96.842935	1	3	CONSEQUENCE
97.082408	1	3	RESPONSE
97.338484	1	3	RESPONSE
97.594425	1	3	RESPONSE
97.866416	1	3	RESPONSE
97.866836	1	3	CONSEQUENCE
98.186390	1	3	RESPONSE
98.450398	1	3	RESPONSE
98.682408	1	3	RESPONSE
98.682676	1	3	CONSEQUENCE
98.938460	1	3	RESPONSE
99.194428	1	3	RESPONSE
99.458432	1	3	RESPONSE
99.722401	1	3	RESPONSE
99.722653	1	3	CONSEQUENCE
100.018399	1	3	RESPONSE
100.282399	1	3	RESPONSE
100.538506	1	3	RESPONSE
100.538825	1	3	CONSEQUENCE
100.826411	1	3	RESPONSE
101.114456	1	3	RESPONSE
101.370526	1	3	RESPONSE
101.370798	1	3	CONSEQUENCE
101.650391	1	3	RESPONSE
101.906538	1	3	RESPONSE
112.361861	1	3	TRIAL_END
113.364978	1	4	TRIAL_START
123.366625	1	4	TRIAL_END
124.375866	2	5	TRIAL_START
126.746520	2	5	RESPONSE
127.058531	2	5	RESPONSE
127.410488	2	5	RESPONSE
127.850509	2	5	RESPONSE
128.376972	2	5	TRIAL_END
128.377711	2	5	MISS
136.386153	2	6	TRIAL_START
137.274601	2	6	RESPONSE
137.586601	2	6	RESPONSE
137.922558	2	6	RESPONSE
138.186613	2	6	RESPONSE
138.490557	2	6	RESPONSE
138.842568	2	6	RESPONSE
139.170531	2	6	RESPONSE
139.506537	2	6	RESPONSE
139.866674	2	6	RESPONSE
140.186560	2	6	RESPONSE
140.386283	2	6	TRIAL_END
140.387092	2	6	MISS
140.498518	2	7	IET R
140.874547	2	7	IET R
148.396878	2	7	TRIAL_START
149.178597	2	7	RESPONSE
149.506564	2	7	RESPONSE
149.810561	2	7	RESPONSE
150.138589	2	7	RESPONSE
150.394760	2	7	RESPONSE
150.714608	2	7	RESPONSE
151.074734	2	7	RESPONSE
151.378642	2	7	RESPONSE
151.738600	2	7	RESPONSE
152.042600	2	7	RESPONSE
152.378602	2	7	RESPONSE
152.397795	2	7	TRIAL_END
152.398539	2	7	CONSEQUENCE
152.398712	2	7	HIT
152.666657	2	8	IET R
160.409350	2	8	TRIAL_START
161.186707	2	8	RESPONSE
161.482640	2	8	RESPONSE
161.770622	2	8	RESPONSE
162.082653	2	8	RESPONSE
162.386655	2	8	RESPONSE
162.642620	2	8	RESPONSE
162.954649	2	8	RESPONSE
163.250644	2	8	RESPONSE
163.602622	2	8	RESPONSE
163.938652	2	8	RESPONSE
164.250647	2	8	RESPONSE
164.409963	2	8	TRIAL_END
164.410548	2	8	CONSEQUENCE
164.410672	2	8	HIT
164.602638	2	9	IET R
172.417780	2	9	TRIAL_START
173.178740	2	9	RESPONSE
173.506744	2	9	RESPONSE
173.770682	2	9	RESPONSE
174.034645	2	9	RESPONSE
174.354682	2	9	RESPONSE
174.706674	2	9	RESPONSE
174.970702	2	9	RESPONSE
175.274705	2	9	RESPONSE
175.562652	2	9	RESPONSE
175.850869	2	9	RESPONSE
176.106684	2	9	RESPONSE
176.418881	2	9	TRIAL_END
176.419670	2	9	CONSEQUENCE
176.419846	2	9	HIT
176.442686	2	10	IET R
176.730732	2	10	IET R
184.426233	2	10	TRIAL_START
185.034694	2	10	RESPONSE
185.330710	2	10	RESPONSE
185.658758	2	10	RESPONSE
185.890725	2	10	RESPONSE
186.194712	2	10	RESPONSE
186.490803	2	10	RESPONSE
186.762731	2	10	RESPONSE
187.026711	2	10	RESPONSE
187.338895	2	10	RESPONSE
187.634727	2	10	RESPONSE
187.954799	2	10	RESPONSE
188.266708	2	10	RESPONSE
188.426990	2	10	TRIAL_END
188.427824	2	10	MISS
188.554727	2	11	IET R
188.826717	2	11	IET R
196.439848	2	11	TRIAL_START
197.226739	2	11	RESPONSE
197.506815	2	11	RESPONSE
197.810974	2	11	RESPONSE
198.050779	2	11	RESPONSE
198.314812	2	11	RESPONSE
198.610854	2	11	RESPONSE
198.874775	2	11	RESPONSE
199.186741	2	11	RESPONSE
199.458732	2	11	RESPONSE
199.738784	2	11	RESPONSE
200.050763	2	11	RESPONSE
200.307026	2	11	RESPONSE
200.440317	2	11	TRIAL_END
200.441195	2	11	CONSEQUENCE
200.441374	2	11	HIT
200.618807	2	12	IET R
200.834766	2	12	IET R
208.449466	2	12	TRIAL_START
209.586802	2	12	RESPONSE
209.874836	2	12	RESPONSE
210.146796	2	12	RESPONSE
210.435140	2	12	RESPONSE
210.722803	2	12	RESPONSE
211.034924	2	12	RESPONSE
211.338946	2	12	RESPONSE
211.594787	2	12	RESPONSE
211.906840	2	12	RESPONSE
212.226833	2	12	RESPONSE
212.449695	2	12	TRIAL_END
212.450272	2	12	CONSEQUENCE
212.450392	2	12	HIT
212.498830	2	13	IET R
212.802879	2	13	IET R
220.461606	2	13	TRIAL_START
221.218853	2	13	RESPONSE
221.466999	2	13	RESPONSE
221.714802	2	13	RESPONSE
221.986826	2	13	RESPONSE
222.314837	2	13	RESPONSE
222.586837	2	13	RESPONSE
222.922834	2	13	RESPONSE
223.218828	2	13	RESPONSE
223.530860	2	13	RESPONSE
223.794847	2	13	RESPONSE
224.058860	2	13	RESPONSE
224.362852	2	13	RESPONSE
224.462079	2	13	TRIAL_END
224.463841	2	13	MISS
224.626863	2	14	IET R
232.472022	2	14	TRIAL_START
233.106861	2	14	RESPONSE
233.418952	2	14	RESPONSE
233.658910	2	14	RESPONSE
233.906860	2	14	RESPONSE
234.138886	2	14	RESPONSE
234.442890	2	14	RESPONSE
234.690922	2	14	RESPONSE
234.923229	2	14	RESPONSE
235.178869	2	14	RESPONSE
235.498937	2	14	RESPONSE
235.778889	2	14	RESPONSE
236.042858	2	14	RESPONSE
236.322940	2	14	RESPONSE
236.472670	2	14	TRIAL_END
236.473273	2	14	MISS
236.586909	2	15	IET R
236.866886	2	15	IET R
244.483567	2	15	TRIAL_START
245.066919	2	15	RESPONSE
245.418930	2	15	RESPONSE
245.650905	2	15	RESPONSE
245.882883	2	15	RESPONSE
246.146899	2	15	RESPONSE
246.418978	2	15	RESPONSE
246.682907	2	15	RESPONSE
246.938909	2	15	RESPONSE
247.226924	2	15	RESPONSE
247.490958	2	15	RESPONSE
247.746909	2	15	RESPONSE
248.042895	2	15	RESPONSE
248.322958	2	15	RESPONSE
248.483621	2	15	TRIAL_END
248.484364	2	15	MISS
248.562896	2	16	IET R
248.859000	2	16	IET R
256.494938	2	16	TRIAL_START
257.106986	2	16	RESPONSE
257.394919	2	16	RESPONSE
257.634940	2	16	RESPONSE
257.875002	2	16	RESPONSE
258.155148	2	16	RESPONSE
258.410933	2	16	RESPONSE
258.675152	2	16	RESPONSE
258.915017	2	16	RESPONSE
259.187097	2	16	RESPONSE
259.474952	2	16	RESPONSE
259.706982	2	16	RESPONSE
259.930967	2	16	RESPONSE
260.178940	2	16	RESPONSE
260.442964	2	16	RESPONSE
260.495141	2	16	TRIAL_END
260.495729	2	16	MISS
260.682961	2	17	IET R
260.906958	2	17	IET R
268.503510	2	17	TRIAL_START
269.131004	2	17	RESPONSE
269.410992	2	17	RESPONSE
269.715256	2	17	RESPONSE
269.979004	2	17	RESPONSE
270.234993	2	17	RESPONSE
270.490987	2	17	RESPONSE
270.755010	2	17	RESPONSE
271.035040	2	17	RESPONSE
271.283037	2	17	RESPONSE
271.530997	2	17	RESPONSE
271.795010	2	17	RESPONSE
272.058988	2	17	RESPONSE
272.290987	2	17	RESPONSE
272.504191	2	17	TRIAL_END
272.505107	2	17	CONSEQUENCE
272.505323	2	17	HIT
272.538976	2	18	IET R
272.803030	2	18	IET R
280.514178	2	18	TRIAL_START
281.219145	2	18	RESPONSE
281.483071	2	18	RESPONSE
281.707060	2	18	RESPONSE
281.931025	2	18	RESPONSE
282.235080	2	18	RESPONSE
282.483146	2	18	RESPONSE
282.731033	2	18	RESPONSE
282.963037	2	18	RESPONSE
283.203219	2	18	RESPONSE
283.443071	2	18	RESPONSE
283.707090	2	18	RESPONSE
283.979329	2	18	RESPONSE
284.227080	2	18	RESPONSE
284.475056	2	18	RESPONSE
284.515212	2	18	TRIAL_END
284.515968	2	18	MISS
284.731080	2	19	IET R
292.524175	2	19	TRIAL_START
293.187052	2	19	RESPONSE
293.435113	2	19	RESPONSE
293.659132	2	19	RESPONSE
293.899079	2	19	RESPONSE
294.131052	2	19	RESPONSE
294.395068	2	19	RESPONSE
294.651073	2	19	RESPONSE
294.891053	2	19	RESPONSE
295.163068	2	19	RESPONSE
295.443120	2	19	RESPONSE
295.715137	2	19	RESPONSE
295.979109	2	19	RESPONSE
296.243085	2	19	RESPONSE
296.507136	2	19	RESPONSE
296.524330	2	19	TRIAL_END
296.525102	2	19	CONSEQUENCE
296.525280	2	19	HIT
296.779118	2	20	IET R
304.534508	2	20	TRIAL_START
305.219095	2	20	RESPONSE
305.467184	2	20	RESPONSE
305.691103	2	20	RESPONSE
305.915095	2	20	RESPONSE
306.195102	2	20	RESPONSE
306.419119	2	20	RESPONSE
306.651121	2	20	RESPONSE
306.907124	2	20	RESPONSE
307.147214	2	20	RESPONSE
307.403182	2	20	RESPONSE
307.659118	2	20	RESPONSE
307.883226	2	20	RESPONSE
308.139247	2	20	RESPONSE
308.371256	2	20	RESPONSE
308.534591	2	20	TRIAL_END
308.535386	2	20	CONSEQUENCE
308.535607	2	20	HIT
308.627238	2	21	IET R
308.867120	2	21	IET R
316.547383	2	21	TRIAL_START
317.163253	2	21	RESPONSE
317.419137	2	21	RESPONSE
317.643242	2	21	RESPONSE
317.867281	2	21	RESPONSE
318.091212	2	21	RESPONSE
318.331218	2	21	RESPONSE
318.587196	2	21	RESPONSE
318.827248	2	21	RESPONSE
319.059158	2	21	RESPONSE
319.267208	2	21	RESPONSE
319.515153	2	21	RESPONSE
319.763200	2	21	RESPONSE
319.987175	2	21	RESPONSE
320.219239	2	21	RESPONSE
320.483205	2	21	RESPONSE
320.548379	2	21	TRIAL_END
320.548902	2	21	MISS
320.715159	2	22	IET R
320.939200	2	22	IET R
328.556593	2	22	TRIAL_START
329.203171	2	22	RESPONSE
329.459203	2	22	RESPONSE
329.707210	2	22	RESPONSE
329.947212	2	22	RESPONSE
330.179352	2	22	RESPONSE
330.443193	2	22	RESPONSE
330.691374	2	22	RESPONSE
330.931521	2	22	RESPONSE
331.203236	2	22	RESPONSE
331.475199	2	22	RESPONSE
331.763314	2	22	RESPONSE
332.027259	2	22	RESPONSE
332.267211	2	22	RESPONSE
332.523270	2	22	RESPONSE
332.557444	2	22	TRIAL_END
332.557967	2	22	MISS
332.771219	2	23	IET R
333.003208	2	23	IET R
340.566051	2	23	TRIAL_START
341.179247	2	23	RESPONSE
341.459262	2	23	RESPONSE
341.699230	2	23	RESPONSE
341.955360	2	23	RESPONSE
342.219283	2	23	RESPONSE
342.475240	2	23	RESPONSE
342.723412	2	23	RESPONSE
342.979236	2	23	RESPONSE
343.211243	2	23	RESPONSE
343.443224	2	23	RESPONSE
343.691289	2	23	RESPONSE
343.931432	2	23	RESPONSE
344.195230	2	23	RESPONSE
344.427446	2	23	RESPONSE
344.566709	2	23	TRIAL_END
344.567279	2	23	CONSEQUENCE
344.567390	2	23	HIT
344.675229	2	24	IET R
344.923289	2	24	IET R
352.576037	2	24	TRIAL_START
353.507273	2	24	RESPONSE
353.755296	2	24	RESPONSE
354.019312	2	24	RESPONSE
354.283328	2	24	RESPONSE
354.547276	2	24	RESPONSE
354.803363	2	24	RESPONSE
355.051314	2	24	RESPONSE
355.299469	2	24	RESPONSE
355.547294	2	24	RESPONSE
355.787353	2	24	RESPONSE
356.059343	2	24	RESPONSE
356.339291	2	24	RESPONSE
356.576271	2	24	TRIAL_END
356.576790	2	24	CONSEQUENCE
356.576916	2	24	HIT
356.619289	2	25	IET R
356.851391	2	25	IET R
364.586880	2	25	TRIAL_START
365.691316	2	25	RESPONSE
365.971307	2	25	RESPONSE
366.227330	2	25	RESPONSE
366.459307	2	25	RESPONSE
366.691330	2	25	RESPONSE
366.947465	2	25	RESPONSE
367.187351	2	25	RESPONSE
367.435322	2	25	RESPONSE
367.707361	2	25	RESPONSE
367.939353	2	25	RESPONSE
368.187338	2	25	RESPONSE
368.419399	2	25	RESPONSE
368.587008	2	25	TRIAL_END
368.587756	2	25	CONSEQUENCE
368.587929	2	25	HIT
368.683774	2	26	IET R
368.947353	2	26	IET R
376.601378	2	26	TRIAL_START
377.299382	2	26	RESPONSE
377.563475	2	26	RESPONSE
377.803350	2	26	RESPONSE
378.035398	2	26	RESPONSE
378.267461	2	26	RESPONSE
378.507352	2	26	RESPONSE
378.795389	2	26	RESPONSE
379.035393	2	26	RESPONSE
379.291364	2	26	RESPONSE
379.515402	2	26	RESPONSE
379.763415	2	26	RESPONSE
380.011409	2	26	RESPONSE
380.259388	2	26	RESPONSE
380.507380	2	26	RESPONSE
380.601700	2	26	TRIAL_END
380.602552	2	26	MISS
380.779508	2	27	IET R
380.987379	2	27	IET R
388.611330	2	27	TRIAL_START
389.523405	2	27	RESPONSE
389.779499	2	27	RESPONSE
390.019433	2	27	RESPONSE
390.259554	2	27	RESPONSE
390.523394	2	27	RESPONSE
390.787420	2	27	RESPONSE
391.027393	2	27	RESPONSE
391.291462	2	27	RESPONSE
391.563408	2	27	RESPONSE
391.811491	2	27	RESPONSE
392.043551	2	27	RESPONSE
392.307653	2	27	RESPONSE
392.611481	2	27	TRIAL_END
392.612278	2	27	MISS
392.627502	2	28	IET R
392.899386	2	28	IET R
400.623678	2	28	TRIAL_START
401.651433	2	28	RESPONSE
401.979459	2	28	RESPONSE
402.291520	2	28	RESPONSE
402.635478	2	28	RESPONSE
402.859445	2	28	RESPONSE
403.155441	2	28	RESPONSE
403.451471	2	28	RESPONSE
403.739510	2	28	RESPONSE
404.005288	2	28	RESPONSE
404.275514	2	28	RESPONSE
404.539616	2	28	RESPONSE
404.623863	2	28	TRIAL_END
404.624385	2	28	MISS
404.819437	2	29	IET R
412.631182	2	29	TRIAL_START
413.931512	2	29	RESPONSE
414.195485	2	29	RESPONSE
414.467648	2	29	RESPONSE
414.699510	2	29	RESPONSE
414.939502	2	29	RESPONSE
415.155473	2	29	RESPONSE
415.379496	2	29	RESPONSE
415.611533	2	29	RESPONSE
415.843550	2	29	RESPONSE
416.067604	2	29	RESPONSE
416.299671	2	29	RESPONSE
416.547499	2	29	RESPONSE
416.631691	2	29	TRIAL_END
416.632335	2	29	CONSEQUENCE
416.632451	2	29	HIT
416.787549	2	30	IET R
416.995483	2	30	IET R
424.641535	2	30	TRIAL_START
428.643431	2	30	TRIAL_END
428.644323	2	30	HIT
436.654077	2	31	TRIAL_START
438.163679	2	31	RESPONSE
438.427636	2	31	RESPONSE
438.691685	2	31	RESPONSE
438.955619	2	31	RESPONSE
439.187560	2	31	RESPONSE
439.427590	2	31	RESPONSE
439.675608	2	31	RESPONSE
439.915632	2	31	RESPONSE
440.179730	2	31	RESPONSE
440.435577	2	31	RESPONSE
440.654356	2	31	TRIAL_END
440.654864	2	31	CONSEQUENCE
440.654985	2	31	HIT
440.715614	2	32	IET R
441.011591	2	32	IET R
448.664039	2	32	TRIAL_START
452.664902	2	32	TRIAL_END
452.665431	2	32	HIT
460.675993	2	33	TRIAL_START
461.971667	2	33	RESPONSE
462.211658	2	33	RESPONSE
462.475659	2	33	RESPONSE
462.707773	2	33	RESPONSE
462.939677	2	33	RESPONSE
463.195696	2	33	RESPONSE
463.443677	2	33	RESPONSE
463.691735	2	33	RESPONSE
463.939694	2	33	RESPONSE
464.187752	2	33	RESPONSE
464.467677	2	33	RESPONSE
464.676667	2	33	TRIAL_END
464.677215	2	33	CONSEQUENCE
464.677329	2	33	HIT
464.707639	2	34	IET R
464.939654	2	34	IET R
472.685696	2	34	TRIAL_START
474.243692	2	34	RESPONSE
474.499700	2	34	RESPONSE
474.763693	2	34	RESPONSE
475.003709	2	34	RESPONSE
475.235719	2	34	RESPONSE
475.491728	2	34	RESPONSE
475.731724	2	34	RESPONSE
475.955719	2	34	RESPONSE
476.187826	2	34	RESPONSE
476.443747	2	34	RESPONSE
476.686334	2	34	TRIAL_END
476.687109	2	34	CONSEQUENCE
476.687290	2	34	HIT
476.715721	2	35	IET R
476.947864	2	35	IET R
484.693758	2	35	TRIAL_START
486.219716	2	35	RESPONSE
486.483779	2	35	RESPONSE
486.707794	2	35	RESPONSE
486.939878	2	35	RESPONSE
487.171909	2	35	RESPONSE
487.395751	2	35	RESPONSE
487.627813	2	35	RESPONSE
487.859775	2	35	RESPONSE
488.115797	2	35	RESPONSE
488.355811	2	35	RESPONSE
488.603766	2	35	RESPONSE
488.693994	2	35	TRIAL_END
488.694781	2	35	CONSEQUENCE
488.694957	2	35	HIT
488.907760	2	36	IET R
496.706569	2	36	TRIAL_START
500.709311	2	36	TRIAL_END
500.710361	2	36	HIT
508.718970	2	37	TRIAL_START
509.827820	2	37	RESPONSE
510.075872	2	37	RESPONSE
510.307836	2	37	RESPONSE
510.555813	2	37	RESPONSE
510.819842	2	37	RESPONSE
511.075896	2	37	RESPONSE
511.323815	2	37	RESPONSE
511.595830	2	37	RESPONSE
511.851828	2	37	RESPONSE
512.083817	2	37	RESPONSE
512.355866	2	37	RESPONSE
512.619841	2	37	RESPONSE
512.720058	2	37	TRIAL_END
512.720607	2	37	CONSEQUENCE
512.720725	2	37	HIT
512.859813	2	38	IET R
520.749921	2	38	TRIAL_START
521.675907	2	38	RESPONSE
521.955882	2	38	RESPONSE
522.171980	2	38	RESPONSE
522.475858	2	38	RESPONSE
522.764214	2	38	RESPONSE
523.027890	2	38	RESPONSE
523.275879	2	38	RESPONSE
523.547862	2	38	RESPONSE
523.827937	2	38	RESPONSE
524.091906	2	38	RESPONSE
524.355930	2	38	RESPONSE
524.619858	2	38	RESPONSE
524.751169	2	38	TRIAL_END
524.753203	2	38	MISS
524.915870	2	39	IET R
532.761085	2	39	TRIAL_START
533.731940	2	39	RESPONSE
534.027980	2	39	RESPONSE
534.547909	2	39	RESPONSE
536.764236	2	39	TRIAL_END
536.765013	2	39	MISS
544.774144	2	40	TRIAL_START
548.776211	2	40	TRIAL_END
548.776702	2	40	HIT
556.784886	2	41	TRIAL_START
557.859999	2	41	RESPONSE
558.156115	2	41	RESPONSE
558.388325	2	41	RESPONSE
558.643978	2	41	RESPONSE
558.899994	2	41	RESPONSE
559.132038	2	41	RESPONSE
559.379996	2	41	RESPONSE
559.652008	2	41	RESPONSE
559.900038	2	41	RESPONSE
560.171992	2	41	RESPONSE
560.468184	2	41	RESPONSE
560.692063	2	41	RESPONSE
560.785267	2	41	TRIAL_END
560.786034	2	41	CONSEQUENCE
560.936256	2	41	HIT
560.937774	2	42	IET R
561.180121	2	42	IET R
568.944940	2	42	TRIAL_START
572.946161	2	42	TRIAL_END
572.946651	2	42	HIT
580.955856	2	43	TRIAL_START
582.420085	2	43	RESPONSE
582.676318	2	43	RESPONSE
582.908204	2	43	RESPONSE
583.124151	2	43	RESPONSE
583.380113	2	43	RESPONSE
583.596195	2	43	RESPONSE
583.812728	2	43	RESPONSE
584.036105	2	43	RESPONSE
584.300083	2	43	RESPONSE
584.524088	2	43	RESPONSE
584.748158	2	43	RESPONSE
584.956027	2	43	TRIAL_END
584.956651	2	43	CONSEQUENCE
584.956765	2	43	HIT
584.988126	2	44	IET R
585.276149	2	44	IET R
592.964481	2	44	TRIAL_START
595.092109	2	44	RESPONSE
595.340157	2	44	RESPONSE
595.612298	2	44	RESPONSE
595.860210	2	44	RESPONSE
596.108151	2	44	RESPONSE
596.316125	2	44	RESPONSE
596.548149	2	44	RESPONSE
596.772155	2	44	RESPONSE
596.964976	2	44	TRIAL_END
596.965827	2	44	CONSEQUENCE
596.966008	2	44	HIT
597.012243	2	45	IET R
597.244161	2	45	IET R
604.975198	2	45	TRIAL_START
607.180237	2	45	RESPONSE
607.420189	2	45	RESPONSE
607.652170	2	45	RESPONSE
607.868201	2	45	RESPONSE
608.076267	2	45	RESPONSE
608.284168	2	45	RESPONSE
608.548183	2	45	RESPONSE
608.772243	2	45	RESPONSE
608.976232	2	45	TRIAL_END
608.977085	2	45	CONSEQUENCE
608.977255	2	45	HIT
609.036175	2	46	IET R
609.308271	2	46	IET R
616.988638	2	46	TRIAL_START
620.989015	2	46	TRIAL_END
620.989914	2	46	HIT
628.999461	2	47	TRIAL_START
633.000432	2	47	TRIAL_END
633.001222	2	47	HIT
641.009863	2	48	TRIAL_START
645.012746	2	48	TRIAL_END
645.013289	2	48	HIT
653.201079	2	49	TRIAL_START
654.508323	2	49	RESPONSE
654.764313	2	49	RESPONSE
654.996394	2	49	RESPONSE
655.252362	2	49	RESPONSE
655.524491	2	49	RESPONSE
655.764376	2	49	RESPONSE
656.036357	2	49	RESPONSE
656.276333	2	49	RESPONSE
656.524421	2	49	RESPONSE
656.812392	2	49	RESPONSE
657.028351	2	49	RESPONSE
657.201237	2	49	TRIAL_END
657.202139	2	49	CONSEQUENCE
657.202304	2	49	HIT
657.244487	2	50	IET R
657.508355	2	50	IET R
665.210909	2	50	TRIAL_START
666.700363	2	50	RESPONSE
666.964373	2	50	RESPONSE
667.196349	2	50	RESPONSE
667.428370	2	50	RESPONSE
667.644454	2	50	RESPONSE
667.892393	2	50	RESPONSE
668.116421	2	50	RESPONSE
668.348414	2	50	RESPONSE
668.604378	2	50	RESPONSE
668.868385	2	50	RESPONSE
669.116438	2	50	RESPONSE
669.211675	2	50	TRIAL_END
669.212180	2	50	CONSEQUENCE
669.212294	2	50	HIT
669.396368	2	51	IET R
669.628488	2	51	IET R
677.224199	2	51	TRIAL_START
679.196484	2	51	RESPONSE
679.452649	2	51	RESPONSE
679.692506	2	51	RESPONSE
679.932424	2	51	RESPONSE
680.156434	2	51	RESPONSE
680.380447	2	51	RESPONSE
680.620645	2	51	RESPONSE
680.860418	2	51	RESPONSE
681.124402	2	51	RESPONSE
681.224612	2	51	TRIAL_END
681.225467	2	51	CONSEQUENCE
681.225631	2	51	HIT
681.372492	2	52	IET R
681.596388	2	52	IET R
689.234161	2	52	TRIAL_START
693.235365	2	52	TRIAL_END
693.235937	2	52	HIT
701.247586	2	53	TRIAL_START
705.251249	2	53	TRIAL_END
705.251749	2	53	HIT
713.259154	2	54	TRIAL_START
717.263482	2	54	TRIAL_END
717.263971	2	54	HIT
725.275623	2	55	TRIAL_START
729.277618	2	55	TRIAL_END
729.278107	2	55	HIT
737.290305	2	56	TRIAL_START
738.500602	2	56	RESPONSE
738.796605	2	56	RESPONSE
739.036592	2	56	RESPONSE
739.252578	2	56	RESPONSE
739.556615	2	56	RESPONSE
739.780600	2	56	RESPONSE
740.020580	2	56	RESPONSE
740.260689	2	56	RESPONSE
740.484750	2	56	RESPONSE
740.724646	2	56	RESPONSE
740.948572	2	56	RESPONSE
741.188587	2	56	RESPONSE
741.290793	2	56	TRIAL_END
741.291290	2	56	CONSEQUENCE
741.291401	2	56	HIT
741.460653	2	57	IET R
741.628669	2	57	IET R
749.298805	2	57	TRIAL_START
750.996645	2	57	RESPONSE
751.260651	2	57	RESPONSE
751.500590	2	57	RESPONSE
751.724698	2	57	RESPONSE
751.964628	2	57	RESPONSE
752.196630	2	57	RESPONSE
752.420626	2	57	RESPONSE
752.636621	2	57	RESPONSE
752.892733	2	57	RESPONSE
753.172586	2	57	RESPONSE
753.299825	2	57	TRIAL_END
753.300323	2	57	CONSEQUENCE
753.300445	2	57	HIT
753.420758	2	58	IET R
753.644580	2	58	IET R
761.312111	2	58	TRIAL_START
762.508630	2	58	RESPONSE
762.756736	2	58	RESPONSE
762.972625	2	58	RESPONSE
763.212614	2	58	RESPONSE
763.444670	2	58	RESPONSE
763.716747	2	58	RESPONSE
763.988676	2	58	RESPONSE
764.204618	2	58	RESPONSE
764.452638	2	58	RESPONSE
764.700623	2	58	RESPONSE
764.924654	2	58	RESPONSE
765.156629	2	58	RESPONSE
765.312721	2	58	TRIAL_END
765.313255	2	58	CONSEQUENCE
765.313378	2	58	HIT
765.404643	2	59	IET R
765.644620	2	59	IET R
773.330994	3	59	TRIAL_START
783.332401	3	59	TRIAL_END
