time	bloc	trial	event
0.013649	1	1	TRIAL_START
6.033730	1	1	TRIAL_END
6.537790	1	2	TRIAL_START
91.751061	1	2	TRIAL_END
92.318295	1	3	TRIAL_START
94.914274	1	3	RESPONSE
94.915705	1	3	CONSEQUENCE
95.122245	1	3	RESPONSE
95.314354	1	3	RESPONSE
95.522294	1	3	RESPONSE
97.274280	1	3	RESPONSE
97.274526	1	3	CONSEQUENCE
97.474286	1	3	RESPONSE
97.650339	1	3	RESPONSE
97.850333	1	3	RESPONSE
98.802273	1	3	RESPONSE
98.802518	1	3	CONSEQUENCE
98.986340	1	3	RESPONSE
99.170307	1	3	RESPONSE
99.362316	1	3	RESPONSE
99.514341	1	3	RESPONSE
99.962310	1	3	RESPONSE
99.962548	1	3	CONSEQUENCE
100.138337	1	3	RESPONSE
100.314344	1	3	RESPONSE
100.466307	1	3	RESPONSE
100.642468	1	3	RESPONSE
100.802299	1	3	RESPONSE
100.802546	1	3	CONSEQUENCE
100.962332	1	3	RESPONSE
101.130323	1	3	RESPONSE
101.274314	1	3	RESPONSE
101.418332	1	3	RESPONSE
101.586335	1	3	RESPONSE
101.778484	1	3	RESPONSE
101.778830	1	3	CONSEQUENCE
101.954370	1	3	RESPONSE
102.130343	1	3	RESPONSE
102.314503	1	3	RESPONSE
102.490366	1	3	RESPONSE
102.690395	1	3	RESPONSE
102.690726	1	3	CONSEQUENCE
102.874392	1	3	RESPONSE
103.074419	1	3	RESPONSE
103.290351	1	3	RESPONSE
103.506361	1	3	RESPONSE
103.506607	1	3	CONSEQUENCE
103.690343	1	3	RESPONSE
103.890359	1	3	RESPONSE
104.098358	1	3	RESPONSE
104.290351	1	3	RESPONSE
104.498398	1	3	RESPONSE
104.498724	1	3	CONSEQUENCE
104.706365	1	3	RESPONSE
104.898390	1	3	RESPONSE
105.098456	1	3	RESPONSE
105.290390	1	3	RESPONSE
105.490352	1	3	RESPONSE
105.490619	1	3	CONSEQUENCE
105.698457	1	3	RESPONSE
108.530397	1	3	RESPONSE
108.530642	1	3	CONSEQUENCE
108.706479	1	3	RESPONSE
108.898489	1	3	RESPONSE
109.090478	1	3	RESPONSE
109.258430	1	3	RESPONSE
109.426455	1	3	RESPONSE
109.426714	1	3	CONSEQUENCE
109.610447	1	3	RESPONSE
109.786487	1	3	RESPONSE
112.331282	1	3	TRIAL_END
112.833418	1	4	TRIAL_START
118.837078	1	4	TRIAL_END
119.341090	1	5	TRIAL_START
125.354425	1	5	TRIAL_END
125.858368	1	6	TRIAL_START
128.862315	1	6	TRIAL_END
129.366256	1	7	TRIAL_START
130.371640	1	7	TRIAL_END
130.875681	1	8	TRIAL_START
131.881122	1	8	TRIAL_END
132.385078	1	9	TRIAL_START
133.389174	1	9	TRIAL_END
133.897879	2	10	TRIAL_START
134.562756	2	10	RESPONSE
134.770767	2	10	RESPONSE
134.962753	2	10	RESPONSE
135.146790	2	10	RESPONSE
135.346740	2	10	RESPONSE
135.522766	2	10	RESPONSE
135.706969	2	10	RESPONSE
135.906876	2	10	RESPONSE
136.114786	2	10	RESPONSE
136.298810	2	10	RESPONSE
136.498829	2	10	RESPONSE
136.690773	2	10	RESPONSE
136.882792	2	10	RESPONSE
137.074864	2	10	RESPONSE
137.290757	2	10	RESPONSE
137.482766	2	10	RESPONSE
137.898829	2	10	TRIAL_END
137.899715	2	10	MISS
142.242864	2	11	IET R
142.434904	2	11	IET R
142.634865	2	11	IET R
142.802897	2	11	IET R
142.906335	2	11	TRIAL_START
143.042861	2	11	RESPONSE
143.242875	2	11	RESPONSE
143.450874	2	11	RESPONSE
145.106987	2	11	RESPONSE
145.314876	2	11	RESPONSE
145.498941	2	11	RESPONSE
145.658862	2	11	RESPONSE
145.802931	2	11	RESPONSE
146.909085	2	11	TRIAL_END
146.909596	2	11	CONSEQUENCE
146.909786	2	11	HIT
148.098923	2	12	IET R
148.282929	2	12	IET R
148.498910	2	12	IET R
148.674963	2	12	IET R
151.921812	2	12	TRIAL_START
152.739017	2	12	RESPONSE
152.907032	2	12	RESPONSE
153.074972	2	12	RESPONSE
153.274954	2	12	RESPONSE
153.450983	2	12	RESPONSE
153.659007	2	12	RESPONSE
153.835150	2	12	RESPONSE
154.019010	2	12	RESPONSE
154.186980	2	12	RESPONSE
154.395006	2	12	RESPONSE
154.578964	2	12	RESPONSE
154.739006	2	12	RESPONSE
154.906993	2	12	RESPONSE
155.927182	2	12	TRIAL_END
155.927908	2	12	MISS
160.951054	2	13	TRIAL_START
161.747067	2	13	RESPONSE
161.915074	2	13	RESPONSE
162.067125	2	13	RESPONSE
162.243213	2	13	RESPONSE
162.419111	2	13	RESPONSE
162.595132	2	13	RESPONSE
164.963100	2	13	TRIAL_END
164.963868	2	13	MISS
169.971685	2	14	TRIAL_START
170.635219	2	14	RESPONSE
170.827181	2	14	RESPONSE
170.995180	2	14	RESPONSE
173.235215	2	14	RESPONSE
173.419227	2	14	RESPONSE
173.611222	2	14	RESPONSE
173.803216	2	14	RESPONSE
173.963286	2	14	RESPONSE
173.972445	2	14	TRIAL_END
173.973214	2	14	CONSEQUENCE
173.973384	2	14	HIT
174.187248	2	15	IET R
178.980233	2	15	TRIAL_START
179.643315	2	15	RESPONSE
179.835323	2	15	RESPONSE
180.011323	2	15	RESPONSE
180.243284	2	15	RESPONSE
182.982156	2	15	TRIAL_END
182.982672	2	15	MISS
183.275329	2	16	IET R
183.499328	2	16	IET R
187.990767	2	16	TRIAL_START
189.843423	2	16	RESPONSE
190.051427	2	16	RESPONSE
190.243404	2	16	RESPONSE
190.427436	2	16	RESPONSE
190.595410	2	16	RESPONSE
190.763494	2	16	RESPONSE
190.963454	2	16	RESPONSE
191.155463	2	16	RESPONSE
191.355469	2	16	RESPONSE
191.563464	2	16	RESPONSE
191.993081	2	16	TRIAL_END
191.993602	2	16	MISS
197.018422	2	17	TRIAL_START
201.033081	2	17	TRIAL_END
201.033587	2	17	MISS
206.057747	2	18	TRIAL_START
206.995602	2	18	RESPONSE
207.211660	2	18	RESPONSE
207.403636	2	18	RESPONSE
207.571626	2	18	RESPONSE
207.795622	2	18	RESPONSE
207.963610	2	18	RESPONSE
208.179685	2	18	RESPONSE
208.355645	2	18	RESPONSE
208.483629	2	18	RESPONSE
208.891641	2	18	RESPONSE
209.107658	2	18	RESPONSE
209.299630	2	18	RESPONSE
209.491629	2	18	RESPONSE
209.651718	2	18	RESPONSE
210.058883	2	18	TRIAL_END
210.059443	2	18	CONSEQUENCE
210.059586	2	18	HIT
215.066304	2	19	TRIAL_START
216.131712	2	19	RESPONSE
216.307733	2	19	RESPONSE
216.499710	2	19	RESPONSE
216.675739	2	19	RESPONSE
216.875722	2	19	RESPONSE
217.043763	2	19	RESPONSE
217.235751	2	19	RESPONSE
217.403728	2	19	RESPONSE
217.587733	2	19	RESPONSE
217.795749	2	19	RESPONSE
217.963775	2	19	RESPONSE
218.171790	2	19	RESPONSE
218.371755	2	19	RESPONSE
218.555732	2	19	RESPONSE
218.739759	2	19	RESPONSE
218.939772	2	19	RESPONSE
219.066471	2	19	TRIAL_END
219.067275	2	19	MISS
219.147766	2	20	IET R
219.339770	2	20	IET R
224.075984	2	20	TRIAL_START
228.077914	2	20	TRIAL_END
228.078429	2	20	HIT
233.085619	2	21	TRIAL_START
235.171981	2	21	RESPONSE
235.387933	2	21	RESPONSE
235.555955	2	21	RESPONSE
235.763932	2	21	RESPONSE
235.940013	2	21	RESPONSE
236.131991	2	21	RESPONSE
236.339985	2	21	RESPONSE
236.539944	2	21	RESPONSE
236.772072	2	21	RESPONSE
236.963950	2	21	RESPONSE
237.085959	2	21	TRIAL_END
237.086483	2	21	CONSEQUENCE
237.086597	2	21	HIT
237.211961	2	22	IET R
237.420061	2	22	IET R
242.114090	2	22	TRIAL_START
244.268091	2	22	RESPONSE
244.436069	2	22	RESPONSE
244.652066	2	22	RESPONSE
244.828034	2	22	RESPONSE
246.120570	2	22	TRIAL_END
246.122536	2	22	MISS
251.132267	2	23	TRIAL_START
252.964217	2	23	RESPONSE
253.180117	2	23	RESPONSE
253.372102	2	23	RESPONSE
253.564110	2	23	RESPONSE
253.724122	2	23	RESPONSE
253.940118	2	23	RESPONSE
254.148115	2	23	RESPONSE
254.348129	2	23	RESPONSE
255.137091	2	23	TRIAL_END
255.137619	2	23	CONSEQUENCE
255.137730	2	23	HIT
260.151335	2	24	TRIAL_START
261.108310	2	24	RESPONSE
261.300253	2	24	RESPONSE
261.484218	2	24	RESPONSE
261.660215	2	24	RESPONSE
261.852196	2	24	RESPONSE
262.044199	2	24	RESPONSE
262.228449	2	24	RESPONSE
262.404219	2	24	RESPONSE
262.588220	2	24	RESPONSE
262.780208	2	24	RESPONSE
262.964390	2	24	RESPONSE
263.172248	2	24	RESPONSE
263.348219	2	24	RESPONSE
263.556237	2	24	RESPONSE
263.724254	2	24	RESPONSE
263.948221	2	24	RESPONSE
264.140237	2	24	RESPONSE
264.152408	2	24	TRIAL_END
264.152994	2	24	MISS
269.167074	2	25	TRIAL_START
270.124304	2	25	RESPONSE
270.340311	2	25	RESPONSE
270.548314	2	25	RESPONSE
270.748313	2	25	RESPONSE
270.996447	2	25	RESPONSE
271.252306	2	25	RESPONSE
271.660336	2	25	RESPONSE
272.020333	2	25	RESPONSE
272.220340	2	25	RESPONSE
272.588357	2	25	RESPONSE
272.828379	2	25	RESPONSE
273.036357	2	25	RESPONSE
273.168187	2	25	TRIAL_END
273.168676	2	25	CONSEQUENCE
273.168787	2	25	HIT
273.252302	2	26	IET R
273.500321	2	26	IET R
278.175412	2	26	TRIAL_START
282.140579	2	26	RESPONSE
282.175879	2	26	TRIAL_END
282.176635	2	26	CONSEQUENCE
282.176867	2	26	HIT
282.372416	2	27	IET R
287.186551	2	27	TRIAL_START
291.204188	2	27	TRIAL_END
291.204673	2	27	HIT
296.226492	2	28	TRIAL_START
297.412617	2	28	RESPONSE
297.612608	2	28	RESPONSE
297.804696	2	28	RESPONSE
297.988583	2	28	RESPONSE
298.164619	2	28	RESPONSE
298.396593	2	28	RESPONSE
300.235848	2	28	TRIAL_END
300.236579	2	28	CONSEQUENCE
300.236748	2	28	HIT
305.256533	2	29	TRIAL_START
306.372756	2	29	RESPONSE
306.572653	2	29	RESPONSE
306.748680	2	29	RESPONSE
306.924669	2	29	RESPONSE
307.116699	2	29	RESPONSE
307.300706	2	29	RESPONSE
307.476733	2	29	RESPONSE
307.668675	2	29	RESPONSE
307.836716	2	29	RESPONSE
308.036745	2	29	RESPONSE
308.220719	2	29	RESPONSE
308.404714	2	29	RESPONSE
308.588693	2	29	RESPONSE
308.788724	2	29	RESPONSE
308.980764	2	29	RESPONSE
309.172714	2	29	RESPONSE
309.256948	2	29	TRIAL_END
309.257458	2	29	CONSEQUENCE
309.257570	2	29	HIT
309.572736	2	30	IET R
314.265623	2	30	TRIAL_START
316.460779	2	30	RESPONSE
316.668881	2	30	RESPONSE
316.860786	2	30	RESPONSE
317.052772	2	30	RESPONSE
317.236795	2	30	RESPONSE
317.420784	2	30	RESPONSE
317.588795	2	30	RESPONSE
317.788794	2	30	RESPONSE
317.980814	2	30	RESPONSE
318.156786	2	30	RESPONSE
318.266437	2	30	TRIAL_END
318.267192	2	30	MISS
323.274194	2	31	TRIAL_START
327.278117	2	31	TRIAL_END
327.278593	2	31	MISS
327.372898	2	32	IET R
327.796958	2	32	IET R
332.286536	2	32	TRIAL_START
333.549066	2	32	RESPONSE
333.749031	2	32	RESPONSE
333.924950	2	32	RESPONSE
334.124937	2	32	RESPONSE
334.309029	2	32	RESPONSE
334.484943	2	32	RESPONSE
334.684969	2	32	RESPONSE
334.877019	2	32	RESPONSE
335.069097	2	32	RESPONSE
335.245199	2	32	RESPONSE
335.716948	2	32	RESPONSE
335.916965	2	32	RESPONSE
336.132980	2	32	RESPONSE
336.287908	2	32	TRIAL_END
336.288677	2	32	MISS
341.310919	2	33	TRIAL_START
345.301110	2	33	RESPONSE
345.311301	2	33	TRIAL_END
345.312027	2	33	CONSEQUENCE
345.312164	2	33	HIT
345.501227	2	34	IET R
345.701159	2	34	IET R
350.322110	2	34	TRIAL_START
351.661160	2	34	RESPONSE
351.877218	2	34	RESPONSE
352.061207	2	34	RESPONSE
352.245150	2	34	RESPONSE
352.437255	2	34	RESPONSE
352.605264	2	34	RESPONSE
352.805271	2	34	RESPONSE
354.329099	2	34	TRIAL_END
354.329993	2	34	MISS
359.344532	2	35	TRIAL_START
360.797310	2	35	RESPONSE
360.989297	2	35	RESPONSE
361.173226	2	35	RESPONSE
361.349246	2	35	RESPONSE
361.529133	2	35	RESPONSE
361.717249	2	35	RESPONSE
361.893250	2	35	RESPONSE
362.109238	2	35	RESPONSE
362.301301	2	35	RESPONSE
362.493244	2	35	RESPONSE
362.725257	2	35	RESPONSE
362.933255	2	35	RESPONSE
363.141422	2	35	RESPONSE
363.346577	2	35	TRIAL_END
363.347356	2	35	CONSEQUENCE
363.347524	2	35	HIT
368.355473	2	36	TRIAL_START
369.765355	2	36	RESPONSE
369.981279	2	36	RESPONSE
370.149289	2	36	RESPONSE
370.373292	2	36	RESPONSE
370.557324	2	36	RESPONSE
370.741310	2	36	RESPONSE
370.933361	2	36	RESPONSE
371.149288	2	36	RESPONSE
371.301314	2	36	RESPONSE
371.477318	2	36	RESPONSE
371.677303	2	36	RESPONSE
372.359810	2	36	TRIAL_END
372.360364	2	36	CONSEQUENCE
372.360480	2	36	HIT
377.386462	2	37	TRIAL_START
379.237404	2	37	RESPONSE
379.445379	2	37	RESPONSE
379.629416	2	37	RESPONSE
379.837411	2	37	RESPONSE
380.029432	2	37	RESPONSE
381.388506	2	37	TRIAL_END
381.389292	2	37	MISS
386.412748	2	38	TRIAL_START
390.415037	2	38	TRIAL_END
390.415815	2	38	HIT
395.434907	2	39	TRIAL_START
399.441082	2	39	TRIAL_END
399.441571	2	39	HIT
404.454744	2	40	TRIAL_START
406.181802	2	40	RESPONSE
406.373738	2	40	RESPONSE
406.541618	2	40	RESPONSE
406.717667	2	40	RESPONSE
406.901619	2	40	RESPONSE
407.093632	2	40	RESPONSE
407.277639	2	40	RESPONSE
407.469625	2	40	RESPONSE
407.645649	2	40	RESPONSE
407.837675	2	40	RESPONSE
408.037639	2	40	RESPONSE
408.253718	2	40	RESPONSE
408.455660	2	40	TRIAL_END
408.456398	2	40	CONSEQUENCE
408.456573	2	40	HIT
408.549687	2	41	IET R
413.465503	2	41	TRIAL_START
417.021706	2	41	RESPONSE
417.229735	2	41	RESPONSE
417.397823	2	41	RESPONSE
417.466283	2	41	TRIAL_END
417.467028	2	41	MISS
417.605726	2	42	IET R
417.765718	2	42	IET R
422.496483	2	42	TRIAL_START
424.493837	2	42	RESPONSE
424.885801	2	42	RESPONSE
425.149838	2	42	RESPONSE
425.613790	2	42	RESPONSE
425.845849	2	42	RESPONSE
425.973941	2	42	RESPONSE
426.109904	2	42	RESPONSE
426.253780	2	42	RESPONSE
426.413876	2	42	RESPONSE
426.497534	2	42	TRIAL_END
426.498055	2	42	CONSEQUENCE
426.498169	2	42	HIT
426.541829	2	43	IET R
426.693826	2	43	IET R
426.821784	2	43	IET R
431.521095	2	43	TRIAL_START
432.765860	2	43	RESPONSE
432.933880	2	43	RESPONSE
433.061864	2	43	RESPONSE
433.237920	2	43	RESPONSE
433.413941	2	43	RESPONSE
433.573884	2	43	RESPONSE
433.717857	2	43	RESPONSE
433.877937	2	43	RESPONSE
433.997887	2	43	RESPONSE
434.269877	2	43	RESPONSE
434.445887	2	43	RESPONSE
434.589852	2	43	RESPONSE
434.757906	2	43	RESPONSE
434.933915	2	43	RESPONSE
435.086027	2	43	RESPONSE
435.229886	2	43	RESPONSE
435.429915	2	43	RESPONSE
435.521795	2	43	TRIAL_END
435.522315	2	43	CONSEQUENCE
435.522434	2	43	HIT
435.597894	2	44	IET R
435.789934	2	44	IET R
440.541081	2	44	TRIAL_START
444.549083	2	44	TRIAL_END
444.549803	2	44	MISS
449.562103	2	45	TRIAL_START
452.094021	2	45	RESPONSE
452.270028	2	45	RESPONSE
452.446006	2	45	RESPONSE
452.638144	2	45	RESPONSE
452.798032	2	45	RESPONSE
453.562773	2	45	TRIAL_END
453.563280	2	45	MISS
458.571652	2	46	TRIAL_START
462.591561	2	46	TRIAL_END
462.592064	2	46	HIT
467.608256	2	47	TRIAL_START
471.625074	2	47	TRIAL_END
471.625796	2	47	MISS
476.646038	2	48	TRIAL_START
480.657081	2	48	TRIAL_END
480.658012	2	48	HIT
485.677090	2	49	TRIAL_START
486.934326	2	49	RESPONSE
487.126377	2	49	RESPONSE
487.310396	2	49	RESPONSE
487.478364	2	49	RESPONSE
487.638381	2	49	RESPONSE
487.814336	2	49	RESPONSE
487.990481	2	49	RESPONSE
488.158367	2	49	RESPONSE
488.334354	2	49	RESPONSE
488.518502	2	49	RESPONSE
488.806342	2	49	RESPONSE
488.998359	2	49	RESPONSE
489.302346	2	49	RESPONSE
489.679331	2	49	TRIAL_END
489.680077	2	49	CONSEQUENCE
489.680246	2	49	HIT
494.694533	2	50	TRIAL_START
496.638404	2	50	RESPONSE
496.814419	2	50	RESPONSE
496.966398	2	50	RESPONSE
497.150434	2	50	RESPONSE
497.294417	2	50	RESPONSE
497.430414	2	50	RESPONSE
497.582428	2	50	RESPONSE
497.742421	2	50	RESPONSE
497.910506	2	50	RESPONSE
498.070436	2	50	RESPONSE
498.238439	2	50	RESPONSE
498.398416	2	50	RESPONSE
498.574435	2	50	RESPONSE
498.695229	2	50	TRIAL_END
498.695715	2	50	MISS
498.734419	2	51	IET R
498.910417	2	51	IET R
499.078423	2	51	IET R
503.703721	2	51	TRIAL_START
507.722924	2	51	TRIAL_END
507.723459	2	51	MISS
512.752778	2	52	TRIAL_START
514.926538	2	52	RESPONSE
515.142555	2	52	RESPONSE
515.294566	2	52	RESPONSE
515.526557	2	52	RESPONSE
515.686593	2	52	RESPONSE
515.838550	2	52	RESPONSE
516.022682	2	52	RESPONSE
516.190564	2	52	RESPONSE
516.366560	2	52	RESPONSE
516.534552	2	52	RESPONSE
516.726563	2	52	RESPONSE
516.753806	2	52	TRIAL_END
516.754305	2	52	MISS
516.894561	2	53	IET R
517.110596	2	53	IET R
521.777193	2	53	TRIAL_START
525.791245	2	53	TRIAL_END
525.793012	2	53	HIT
530.813236	2	54	TRIAL_START
532.342751	2	54	RESPONSE
532.542754	2	54	RESPONSE
532.726703	2	54	RESPONSE
532.902693	2	54	RESPONSE
533.086682	2	54	RESPONSE
533.254700	2	54	RESPONSE
533.446756	2	54	RESPONSE
533.638743	2	54	RESPONSE
533.822706	2	54	RESPONSE
534.014774	2	54	RESPONSE
534.214746	2	54	RESPONSE
534.406714	2	54	RESPONSE
534.583005	2	54	RESPONSE
534.758719	2	54	RESPONSE
534.814088	2	54	TRIAL_END
534.814641	2	54	MISS
534.998711	2	55	IET R
539.822483	2	55	TRIAL_START
543.823822	2	55	TRIAL_END
543.824302	2	55	MISS
548.833860	2	56	TRIAL_START
550.038870	2	56	RESPONSE
550.246850	2	56	RESPONSE
550.414877	2	56	RESPONSE
550.574878	2	56	RESPONSE
550.742876	2	56	RESPONSE
550.910858	2	56	RESPONSE
551.102878	2	56	RESPONSE
551.254987	2	56	RESPONSE
551.422827	2	56	RESPONSE
551.574926	2	56	RESPONSE
551.710826	2	56	RESPONSE
551.838943	2	56	RESPONSE
551.974865	2	56	RESPONSE
552.222909	2	56	RESPONSE
552.422855	2	56	RESPONSE
552.630943	2	56	RESPONSE
552.834514	2	56	TRIAL_END
552.835426	2	56	MISS
557.865685	2	57	TRIAL_START
559.870980	2	57	RESPONSE
560.070927	2	57	RESPONSE
560.238912	2	57	RESPONSE
560.454935	2	57	RESPONSE
560.638954	2	57	RESPONSE
560.822920	2	57	RESPONSE
561.014908	2	57	RESPONSE
561.214928	2	57	RESPONSE
561.406913	2	57	RESPONSE
561.606935	2	57	RESPONSE
561.798963	2	57	RESPONSE
561.866424	2	57	TRIAL_END
561.867160	2	57	CONSEQUENCE
561.867330	2	57	HIT
562.006915	2	58	IET R
562.174929	2	58	IET R
566.892144	2	58	TRIAL_START
569.183043	2	58	RESPONSE
569.375080	2	58	RESPONSE
569.590996	2	58	RESPONSE
569.782982	2	58	RESPONSE
569.943022	2	58	RESPONSE
570.166996	2	58	RESPONSE
570.894223	2	58	TRIAL_END
570.894731	2	58	CONSEQUENCE
570.894848	2	58	HIT
575.916016	2	59	TRIAL_START
579.925069	2	59	TRIAL_END
579.925925	2	59	HIT
584.941778	2	60	TRIAL_START
588.945547	2	60	TRIAL_END
588.946074	2	60	MISS
593.957414	2	61	TRIAL_START
596.671277	2	61	RESPONSE
596.887518	2	61	RESPONSE
597.055292	2	61	RESPONSE
597.239194	2	61	RESPONSE
597.423183	2	61	RESPONSE
597.591236	2	61	RESPONSE
597.807200	2	61	RESPONSE
597.959066	2	61	TRIAL_END
597.959582	2	61	CONSEQUENCE
597.959716	2	61	HIT
602.966558	2	62	TRIAL_START
604.807250	2	62	RESPONSE
604.999267	2	62	RESPONSE
605.183415	2	62	RESPONSE
605.343271	2	62	RESPONSE
605.511243	2	62	RESPONSE
605.695263	2	62	RESPONSE
605.855299	2	62	RESPONSE
606.039266	2	62	RESPONSE
606.287300	2	62	RESPONSE
606.431300	2	62	RESPONSE
606.711250	2	62	RESPONSE
606.968649	2	62	TRIAL_END
606.969433	2	62	MISS
611.977774	2	63	TRIAL_START
614.271295	2	63	RESPONSE
614.463334	2	63	RESPONSE
614.655343	2	63	RESPONSE
614.831342	2	63	RESPONSE
614.991357	2	63	RESPONSE
615.183470	2	63	RESPONSE
615.980022	2	63	TRIAL_END
615.980839	2	63	CONSEQUENCE
615.980955	2	63	HIT
621.002345	2	64	TRIAL_START
625.011678	2	64	TRIAL_END
625.012444	2	64	HIT
630.022976	2	65	TRIAL_START
634.026908	2	65	TRIAL_END
634.027669	2	65	HIT
639.035223	2	66	TRIAL_START
640.615688	2	66	RESPONSE
640.799549	2	66	RESPONSE
640.967516	2	66	RESPONSE
641.127632	2	66	RESPONSE
641.311547	2	66	RESPONSE
641.431521	2	66	RESPONSE
641.751605	2	66	RESPONSE
641.919505	2	66	RESPONSE
642.055524	2	66	RESPONSE
642.303527	2	66	RESPONSE
642.415517	2	66	RESPONSE
642.559559	2	66	RESPONSE
642.799568	2	66	RESPONSE
642.975524	2	66	RESPONSE
643.035960	2	66	TRIAL_END
643.036695	2	66	CONSEQUENCE
643.036867	2	66	HIT
643.135576	2	67	IET R
643.351537	2	67	IET R
648.067083	2	67	TRIAL_START
650.287592	2	67	RESPONSE
650.479592	2	67	RESPONSE
650.639587	2	67	RESPONSE
650.807638	2	67	RESPONSE
650.975675	2	67	RESPONSE
651.143685	2	67	RESPONSE
651.303602	2	67	RESPONSE
651.471640	2	67	RESPONSE
651.607657	2	67	RESPONSE
651.815611	2	67	RESPONSE
652.068979	2	67	TRIAL_END
652.069946	2	67	MISS
657.095129	2	68	TRIAL_START
658.575642	2	68	RESPONSE
658.759653	2	68	RESPONSE
658.911665	2	68	RESPONSE
658.999688	2	68	RESPONSE
659.239814	2	68	RESPONSE
659.399685	2	68	RESPONSE
659.551651	2	68	RESPONSE
659.671670	2	68	RESPONSE
659.887672	2	68	RESPONSE
660.279679	2	68	RESPONSE
660.527632	2	68	RESPONSE
660.751664	2	68	RESPONSE
660.943697	2	68	RESPONSE
661.095699	2	68	TRIAL_END
661.096645	2	68	CONSEQUENCE
661.096828	2	68	HIT
661.151661	2	69	IET R
661.367753	2	69	IET R
661.567680	2	69	IET R
666.104691	2	69	TRIAL_START
670.106694	2	69	TRIAL_END
670.107460	2	69	HIT
675.121874	2	70	TRIAL_START
676.351780	2	70	RESPONSE
676.535834	2	70	RESPONSE
676.695825	2	70	RESPONSE
676.839777	2	70	RESPONSE
676.999992	2	70	RESPONSE
677.159793	2	70	RESPONSE
677.311864	2	70	RESPONSE
677.479764	2	70	RESPONSE
677.639791	2	70	RESPONSE
677.799964	2	70	RESPONSE
677.951886	2	70	RESPONSE
678.167828	2	70	RESPONSE
678.343784	2	70	RESPONSE
678.487758	2	70	RESPONSE
678.911775	2	70	RESPONSE
679.079808	2	70	RESPONSE
679.122164	2	70	TRIAL_END
679.122658	2	70	CONSEQUENCE
679.122771	2	70	HIT
679.263805	2	71	IET R
679.399936	2	71	IET R
684.131890	2	71	TRIAL_START
685.631901	2	71	RESPONSE
685.799851	2	71	RESPONSE
685.967818	2	71	RESPONSE
686.111829	2	71	RESPONSE
686.263848	2	71	RESPONSE
686.399830	2	71	RESPONSE
686.535822	2	71	RESPONSE
686.759992	2	71	RESPONSE
686.895897	2	71	RESPONSE
687.007810	2	71	RESPONSE
687.255962	2	71	RESPONSE
687.431905	2	71	RESPONSE
687.679867	2	71	RESPONSE
687.927893	2	71	RESPONSE
688.133076	2	71	TRIAL_END
688.133881	2	71	CONSEQUENCE
688.134047	2	71	HIT
688.215838	2	72	IET R
688.431902	2	72	IET R
693.165577	2	72	TRIAL_START
697.179628	2	72	TRIAL_END
697.180386	2	72	HIT
702.200105	2	73	TRIAL_START
703.896063	2	73	RESPONSE
704.088044	2	73	RESPONSE
704.264002	2	73	RESPONSE
704.431953	2	73	RESPONSE
704.575950	2	73	RESPONSE
704.727950	2	73	RESPONSE
704.824041	2	73	RESPONSE
704.951983	2	73	RESPONSE
705.151983	2	73	RESPONSE
705.327993	2	73	RESPONSE
705.520002	2	73	RESPONSE
705.727951	2	73	RESPONSE
706.200984	2	73	TRIAL_END
706.201728	2	73	CONSEQUENCE
706.201897	2	73	HIT
706.231981	2	74	IET R
706.463966	2	74	IET R
711.223031	2	74	TRIAL_START
715.225513	2	74	TRIAL_END
715.226298	2	74	HIT
720.242461	2	75	TRIAL_START
724.245062	2	75	TRIAL_END
724.245801	2	75	HIT
729.255350	2	76	TRIAL_START
730.944144	2	76	RESPONSE
731.104391	2	76	RESPONSE
731.264148	2	76	RESPONSE
731.384223	2	76	RESPONSE
731.648195	2	76	RESPONSE
731.776176	2	76	RESPONSE
731.888151	2	76	RESPONSE
732.120185	2	76	RESPONSE
732.288123	2	76	RESPONSE
732.416182	2	76	RESPONSE
732.536142	2	76	RESPONSE
732.640242	2	76	RESPONSE
732.752160	2	76	RESPONSE
732.992139	2	76	RESPONSE
733.256553	2	76	TRIAL_END
733.257099	2	76	CONSEQUENCE
733.257215	2	76	HIT
733.288198	2	77	IET R
733.520400	2	77	IET R
738.285944	2	77	TRIAL_START
739.624194	2	77	RESPONSE
739.800197	2	77	RESPONSE
740.000193	2	77	RESPONSE
740.144242	2	77	RESPONSE
740.280255	2	77	RESPONSE
740.464207	2	77	RESPONSE
740.640228	2	77	RESPONSE
740.768245	2	77	RESPONSE
741.088210	2	77	RESPONSE
741.312267	2	77	RESPONSE
741.480255	2	77	RESPONSE
741.640223	2	77	RESPONSE
741.800221	2	77	RESPONSE
741.960229	2	77	RESPONSE
742.176218	2	77	RESPONSE
742.287020	2	77	TRIAL_END
742.287790	2	77	CONSEQUENCE
742.287961	2	77	HIT
742.528215	2	78	IET R
747.294858	2	78	TRIAL_START
749.344311	2	78	RESPONSE
749.536303	2	78	RESPONSE
749.728279	2	78	RESPONSE
749.872294	2	78	RESPONSE
750.032270	2	78	RESPONSE
750.216412	2	78	RESPONSE
750.392266	2	78	RESPONSE
750.544293	2	78	RESPONSE
750.744312	2	78	RESPONSE
751.296826	2	78	TRIAL_END
751.297603	2	78	CONSEQUENCE
751.297784	2	78	HIT
756.326074	2	79	TRIAL_START
760.327163	2	79	TRIAL_END
760.327667	2	79	HIT
765.344442	2	80	TRIAL_START
769.349871	2	80	TRIAL_END
769.350357	2	80	HIT
774.360716	2	81	TRIAL_START
775.784440	2	81	RESPONSE
775.976441	2	81	RESPONSE
776.136472	2	81	RESPONSE
776.280446	2	81	RESPONSE
776.448421	2	81	RESPONSE
776.584435	2	81	RESPONSE
776.768452	2	81	RESPONSE
776.904451	2	81	RESPONSE
777.072443	2	81	RESPONSE
777.456416	2	81	RESPONSE
777.656432	2	81	RESPONSE
778.048440	2	81	RESPONSE
778.240443	2	81	RESPONSE
778.362151	2	81	TRIAL_END
778.362895	2	81	CONSEQUENCE
778.363105	2	81	HIT
778.488461	2	82	IET R
783.381668	2	82	TRIAL_START
785.432529	2	82	RESPONSE
785.592502	2	82	RESPONSE
785.728502	2	82	RESPONSE
785.976525	2	82	RESPONSE
786.264589	2	82	RESPONSE
786.488524	2	82	RESPONSE
786.664588	2	82	RESPONSE
786.800518	2	82	RESPONSE
787.008498	2	82	RESPONSE
787.152523	2	82	RESPONSE
787.272517	2	82	RESPONSE
787.382431	2	82	TRIAL_END
787.382924	2	82	CONSEQUENCE
787.383035	2	82	HIT
787.416498	2	83	IET R
787.512500	2	83	IET R
787.616505	2	83	IET R
787.720510	2	83	IET R
787.832595	2	83	IET R
792.410492	2	83	TRIAL_START
794.720587	2	83	RESPONSE
794.928605	2	83	RESPONSE
795.096610	2	83	RESPONSE
795.264583	2	83	RESPONSE
795.440573	2	83	RESPONSE
795.600565	2	83	RESPONSE
795.784584	2	83	RESPONSE
795.960650	2	83	RESPONSE
796.144567	2	83	RESPONSE
796.360672	2	83	RESPONSE
796.411039	2	83	TRIAL_END
796.411567	2	83	MISS
801.418666	2	84	TRIAL_START
803.424675	2	84	RESPONSE
803.608612	2	84	RESPONSE
803.744617	2	84	RESPONSE
803.880623	2	84	RESPONSE
804.048631	2	84	RESPONSE
804.176624	2	84	RESPONSE
804.424670	2	84	RESPONSE
804.584658	2	84	RESPONSE
804.728644	2	84	RESPONSE
804.848626	2	84	RESPONSE
805.120738	2	84	RESPONSE
805.304605	2	84	RESPONSE
805.419569	2	84	TRIAL_END
805.420517	2	84	CONSEQUENCE
805.420684	2	84	HIT
805.456728	2	85	IET R
805.632723	2	85	IET R
805.800643	2	85	IET R
810.434469	2	85	TRIAL_START
812.160687	2	85	RESPONSE
812.400692	2	85	RESPONSE
812.592667	2	85	RESPONSE
812.784668	2	85	RESPONSE
812.960726	2	85	RESPONSE
813.152709	2	85	RESPONSE
813.352702	2	85	RESPONSE
813.544660	2	85	RESPONSE
813.760702	2	85	RESPONSE
813.976692	2	85	RESPONSE
814.208789	2	85	RESPONSE
814.436037	2	85	TRIAL_END
814.436552	2	85	MISS
819.449674	2	86	TRIAL_START
821.744735	2	86	RESPONSE
821.952720	2	86	RESPONSE
822.136738	2	86	RESPONSE
822.304745	2	86	RESPONSE
822.488744	2	86	RESPONSE
822.680920	2	86	RESPONSE
822.856754	2	86	RESPONSE
823.056731	2	86	RESPONSE
823.256717	2	86	RESPONSE
823.450460	2	86	TRIAL_END
823.451222	2	86	MISS
828.457438	2	87	TRIAL_START
829.968798	2	87	RESPONSE
830.160775	2	87	RESPONSE
830.360799	2	87	RESPONSE
830.536775	2	87	RESPONSE
830.728784	2	87	RESPONSE
830.920789	2	87	RESPONSE
831.152780	2	87	RESPONSE
832.072807	2	87	RESPONSE
832.288780	2	87	RESPONSE
832.458085	2	87	TRIAL_END
832.458853	2	87	MISS
832.504758	2	88	IET R
837.484021	2	88	TRIAL_START
839.440921	2	88	RESPONSE
839.648894	2	88	RESPONSE
839.832836	2	88	RESPONSE
840.016852	2	88	RESPONSE
840.192873	2	88	RESPONSE
840.376871	2	88	RESPONSE
840.528940	2	88	RESPONSE
840.728904	2	88	RESPONSE
840.960856	2	88	RESPONSE
841.487609	2	88	TRIAL_END
841.488516	2	88	CONSEQUENCE
841.488684	2	88	HIT
846.512697	2	89	TRIAL_START
848.432980	2	89	RESPONSE
848.617059	2	89	RESPONSE
848.768915	2	89	RESPONSE
848.928958	2	89	RESPONSE
849.056891	2	89	RESPONSE
849.296942	2	89	RESPONSE
849.448899	2	89	RESPONSE
849.576922	2	89	RESPONSE
849.728973	2	89	RESPONSE
849.848887	2	89	RESPONSE
849.992895	2	89	RESPONSE
850.232913	2	89	RESPONSE
850.384906	2	89	RESPONSE
850.512902	2	89	RESPONSE
850.512962	2	89	TRIAL_END
850.513471	2	89	CONSEQUENCE
850.513583	2	89	HIT
855.530874	2	90	TRIAL_START
858.008976	2	90	RESPONSE
858.193002	2	90	RESPONSE
858.377026	2	90	RESPONSE
858.552977	2	90	RESPONSE
858.752950	2	90	RESPONSE
858.937074	2	90	RESPONSE
859.120958	2	90	RESPONSE
859.288981	2	90	RESPONSE
859.505068	2	90	RESPONSE
859.531339	2	90	TRIAL_END
859.531835	2	90	CONSEQUENCE
859.532018	2	90	HIT
859.705025	2	91	IET R
859.872961	2	91	IET R
864.539914	2	91	TRIAL_START
868.540352	2	91	TRIAL_END
868.540835	2	91	HIT
873.546997	2	92	TRIAL_START
875.369200	2	92	RESPONSE
875.553099	2	92	RESPONSE
875.673199	2	92	RESPONSE
875.817094	2	92	RESPONSE
875.929096	2	92	RESPONSE
876.145082	2	92	RESPONSE
876.289107	2	92	RESPONSE
876.417093	2	92	RESPONSE
876.561112	2	92	RESPONSE
876.673208	2	92	RESPONSE
876.801126	2	92	RESPONSE
877.033106	2	92	RESPONSE
877.233145	2	92	RESPONSE
877.377091	2	92	RESPONSE
877.505104	2	92	RESPONSE
877.547423	2	92	TRIAL_END
877.548160	2	92	CONSEQUENCE
877.548326	2	92	HIT
877.745102	2	93	IET R
882.575162	2	93	TRIAL_START
884.617155	2	93	RESPONSE
884.785250	2	93	RESPONSE
884.953155	2	93	RESPONSE
885.081115	2	93	RESPONSE
885.217133	2	93	RESPONSE
885.465207	2	93	RESPONSE
885.697381	2	93	RESPONSE
885.905187	2	93	RESPONSE
886.089128	2	93	RESPONSE
886.249149	2	93	RESPONSE
886.545153	2	93	RESPONSE
886.575429	2	93	TRIAL_END
886.575943	2	93	CONSEQUENCE
886.576107	2	93	HIT
886.721141	2	94	IET R
891.590020	2	94	TRIAL_START
895.597136	2	94	TRIAL_END
895.597669	2	94	HIT
900.606164	2	95	TRIAL_START
904.611950	2	95	TRIAL_END
904.612479	2	95	HIT
909.625196	2	96	TRIAL_START
911.217269	2	96	RESPONSE
911.417270	2	96	RESPONSE
911.545278	2	96	RESPONSE
911.689279	2	96	RESPONSE
911.825318	2	96	RESPONSE
911.945284	2	96	RESPONSE
912.073290	2	96	RESPONSE
912.185351	2	96	RESPONSE
912.329313	2	96	RESPONSE
912.553332	2	96	RESPONSE
912.777272	2	96	RESPONSE
912.881289	2	96	RESPONSE
912.993297	2	96	RESPONSE
913.105282	2	96	RESPONSE
913.321295	2	96	RESPONSE
913.433284	2	96	RESPONSE
913.545350	2	96	RESPONSE
913.625854	2	96	TRIAL_END
913.626406	2	96	CONSEQUENCE
913.626519	2	96	HIT
913.913326	2	97	IET R
918.633362	2	97	TRIAL_START
921.537326	2	97	RESPONSE
921.721426	2	97	RESPONSE
921.905364	2	97	RESPONSE
922.081341	2	97	RESPONSE
922.241349	2	97	RESPONSE
922.385354	2	97	RESPONSE
922.553442	2	97	RESPONSE
922.634050	2	97	TRIAL_END
922.634767	2	97	CONSEQUENCE
922.634939	2	97	HIT
922.721368	2	98	IET R
922.921388	2	98	IET R
927.647909	2	98	TRIAL_START
931.648970	2	98	TRIAL_END
931.649814	2	98	HIT
936.669815	2	99	TRIAL_START
938.049438	2	99	RESPONSE
938.409481	2	99	RESPONSE
938.593484	2	99	RESPONSE
938.761451	2	99	RESPONSE
938.921478	2	99	RESPONSE
939.073489	2	99	RESPONSE
939.257431	2	99	RESPONSE
939.433424	2	99	RESPONSE
940.671888	2	99	TRIAL_END
940.672714	2	99	MISS
945.690052	2	100	TRIAL_START
947.833544	2	100	RESPONSE
948.049498	2	100	RESPONSE
948.161500	2	100	RESPONSE
948.409529	2	100	RESPONSE
948.649555	2	100	RESPONSE
948.761516	2	100	RESPONSE
948.897486	2	100	RESPONSE
949.145517	2	100	RESPONSE
949.305589	2	100	RESPONSE
949.465525	2	100	RESPONSE
949.641524	2	100	RESPONSE
949.690879	2	100	TRIAL_END
949.691384	2	100	CONSEQUENCE
949.691507	2	100	HIT
949.809559	2	101	IET R
950.009534	2	101	IET R
954.699482	2	101	TRIAL_START
958.700959	2	101	TRIAL_END
958.701551	2	101	HIT
963.708855	2	102	TRIAL_START
967.729079	2	102	TRIAL_END
967.729804	2	102	HIT
972.756779	2	103	TRIAL_START
976.769175	2	103	TRIAL_END
976.769701	2	103	HIT
981.776668	2	104	TRIAL_START
983.249693	2	104	RESPONSE
983.409673	2	104	RESPONSE
983.569723	2	104	RESPONSE
983.713687	2	104	RESPONSE
983.889702	2	104	RESPONSE
984.057717	2	104	RESPONSE
984.161791	2	104	RESPONSE
984.417705	2	104	RESPONSE
984.585711	2	104	RESPONSE
984.705729	2	104	RESPONSE
984.833772	2	104	RESPONSE
985.145684	2	104	RESPONSE
985.353736	2	104	RESPONSE
985.713895	2	104	RESPONSE
985.777397	2	104	TRIAL_END
985.778181	2	104	CONSEQUENCE
985.778367	2	104	HIT
985.921698	2	105	IET R
986.121713	2	105	IET R
990.796225	2	105	TRIAL_START
992.753742	2	105	RESPONSE
992.937760	2	105	RESPONSE
993.065757	2	105	RESPONSE
993.201769	2	105	RESPONSE
993.337777	2	105	RESPONSE
993.457786	2	105	RESPONSE
993.585748	2	105	RESPONSE
993.697865	2	105	RESPONSE
993.825759	2	105	RESPONSE
993.985777	2	105	RESPONSE
994.097758	2	105	RESPONSE
994.209915	2	105	RESPONSE
994.497757	2	105	RESPONSE
994.673772	2	105	RESPONSE
994.796615	2	105	TRIAL_END
994.797529	2	105	CONSEQUENCE
994.797717	2	105	HIT
994.841745	2	106	IET R
994.985800	2	106	IET R
995.129915	2	106	IET R
999.810370	2	106	TRIAL_START
1003.812098	2	106	TRIAL_END
1003.812638	2	106	HIT
1008.820176	2	107	TRIAL_START
1012.837088	2	107	TRIAL_END
1012.837820	2	107	HIT
1017.844205	2	108	TRIAL_START
1020.081921	2	108	RESPONSE
1020.297921	2	108	RESPONSE
1020.465925	2	108	RESPONSE
1020.633903	2	108	RESPONSE
1020.809894	2	108	RESPONSE
1020.977930	2	108	RESPONSE
1021.137902	2	108	RESPONSE
1021.297922	2	108	RESPONSE
1021.489996	2	108	RESPONSE
1021.846574	2	108	TRIAL_END
1021.847080	2	108	CONSEQUENCE
1021.847191	2	108	HIT
1026.865912	2	109	TRIAL_START
1030.871945	2	109	TRIAL_END
1030.872459	2	109	HIT
1035.890438	2	110	TRIAL_START
1038.082058	2	110	RESPONSE
1038.266024	2	110	RESPONSE
1038.410023	2	110	RESPONSE
1038.538004	2	110	RESPONSE
1038.690008	2	110	RESPONSE
1038.794022	2	110	RESPONSE
1038.897998	2	110	RESPONSE
1039.122011	2	110	RESPONSE
1039.258016	2	110	RESPONSE
1039.378061	2	110	RESPONSE
1039.497994	2	110	RESPONSE
1039.706008	2	110	RESPONSE
1039.810049	2	110	RESPONSE
1039.890796	2	110	TRIAL_END
1039.891538	2	110	CONSEQUENCE
1039.891707	2	110	HIT
1039.906013	2	111	IET R
1040.010034	2	111	IET R
1040.106041	2	111	IET R
1040.226060	2	111	IET R
1044.902972	2	111	TRIAL_START
1046.794081	2	111	RESPONSE
1046.978085	2	111	RESPONSE
1047.122062	2	111	RESPONSE
1047.266065	2	111	RESPONSE
1047.402054	2	111	RESPONSE
1047.498140	2	111	RESPONSE
1047.634052	2	111	RESPONSE
1047.754038	2	111	RESPONSE
1047.970073	2	111	RESPONSE
1048.146134	2	111	RESPONSE
1048.306087	2	111	RESPONSE
1048.474080	2	111	RESPONSE
1048.658050	2	111	RESPONSE
1048.866098	2	111	RESPONSE
1048.903396	2	111	TRIAL_END
1048.903896	2	111	CONSEQUENCE
1048.904009	2	111	HIT
1049.170110	2	112	IET R
1053.928626	2	112	TRIAL_START
1055.650121	2	112	RESPONSE
1055.858091	2	112	RESPONSE
1056.002116	2	112	RESPONSE
1056.154165	2	112	RESPONSE
1056.306154	2	112	RESPONSE
1056.434201	2	112	RESPONSE
1056.578175	2	112	RESPONSE
1056.706186	2	112	RESPONSE
1056.826104	2	112	RESPONSE
1057.106125	2	112	RESPONSE
1057.250114	2	112	RESPONSE
1057.426163	2	112	RESPONSE
1057.578131	2	112	RESPONSE
1057.746153	2	112	RESPONSE
1057.929319	2	112	TRIAL_END
1057.930079	2	112	CONSEQUENCE
1057.930252	2	112	HIT
1057.978180	2	113	IET R
1062.957726	2	113	TRIAL_START
1066.974621	2	113	TRIAL_END
1066.975367	2	113	HIT
1071.998500	2	114	TRIAL_START
1076.009082	2	114	TRIAL_END
1076.009895	2	114	HIT
1081.027396	2	115	TRIAL_START
1082.666251	2	115	RESPONSE
1082.834318	2	115	RESPONSE
1083.002315	2	115	RESPONSE
1083.130286	2	115	RESPONSE
1083.234264	2	115	RESPONSE
1083.434348	2	115	RESPONSE
1083.674257	2	115	RESPONSE
1084.058260	2	115	RESPONSE
1084.154269	2	115	RESPONSE
1084.370303	2	115	RESPONSE
1084.538274	2	115	RESPONSE
1084.674264	2	115	RESPONSE
1084.930322	2	115	RESPONSE
1085.027958	2	115	TRIAL_END
1085.028473	2	115	CONSEQUENCE
1085.028587	2	115	HIT
1085.114256	2	116	IET R
1085.378252	2	116	IET R
1090.038303	2	116	TRIAL_START
1094.040116	2	116	TRIAL_END
1094.040617	2	116	HIT
1099.047635	2	117	TRIAL_START
1101.146340	2	117	RESPONSE
1101.314442	2	117	RESPONSE
1101.442397	2	117	RESPONSE
1101.562452	2	117	RESPONSE
1101.658400	2	117	RESPONSE
1101.890343	2	117	RESPONSE
1102.106350	2	117	RESPONSE
1102.266346	2	117	RESPONSE
1102.442360	2	117	RESPONSE
1102.610409	2	117	RESPONSE
1102.755158	2	117	RESPONSE
1103.042337	2	117	RESPONSE
1103.048490	2	117	TRIAL_END
1103.048995	2	117	CONSEQUENCE
1103.049165	2	117	HIT
1103.242360	2	118	IET R
1108.068174	3	118	TRIAL_START
1118.070251	3	118	TRIAL_END
