time	bloc	trial	event
-0.011830	1	1	TRIAL_START
6.003755	1	1	TRIAL_END
7.006496	1	2	TRIAL_START
31.438707	1	2	TRIAL_END
32.465735	1	3	TRIAL_START
35.308199	1	3	RESPONSE
35.310313	1	3	CONSEQUENCE
35.492188	1	3	RESPONSE
35.876193	1	3	RESPONSE
36.060210	1	3	RESPONSE
37.332220	1	3	RESPONSE
37.332484	1	3	CONSEQUENCE
37.508217	1	3	RESPONSE
40.148222	1	3	RESPONSE
40.148486	1	3	CONSEQUENCE
40.324208	1	3	RESPONSE
40.484220	1	3	RESPONSE
40.652263	1	3	RESPONSE
40.820318	1	3	RESPONSE
40.988238	1	3	RESPONSE
40.988479	1	3	CONSEQUENCE
41.140200	1	3	RESPONSE
41.324222	1	3	RESPONSE
41.492248	1	3	RESPONSE
41.700235	1	3	RESPONSE
41.884252	1	3	RESPONSE
41.884619	1	3	CONSEQUENCE
42.092230	1	3	RESPONSE
42.292231	1	3	RESPONSE
42.684253	1	3	RESPONSE
42.684511	1	3	CONSEQUENCE
42.900232	1	3	RESPONSE
43.156245	1	3	RESPONSE
43.404254	1	3	RESPONSE
49.508286	1	3	RESPONSE
49.508554	1	3	CONSEQUENCE
49.900440	1	3	RESPONSE
50.468316	1	3	RESPONSE
50.468552	1	3	CONSEQUENCE
50.620305	1	3	RESPONSE
50.748338	1	3	RESPONSE
54.484315	1	3	RESPONSE
54.484578	1	3	CONSEQUENCE
54.700315	1	3	RESPONSE
54.916348	1	3	RESPONSE
55.108324	1	3	RESPONSE
55.316380	1	3	RESPONSE
55.316642	1	3	CONSEQUENCE
55.548366	1	3	RESPONSE
55.820323	1	3	RESPONSE
56.068329	1	3	RESPONSE
56.276353	1	3	RESPONSE
56.276642	1	3	CONSEQUENCE
56.524399	1	3	RESPONSE
56.772345	1	3	RESPONSE
57.036376	1	3	RESPONSE
57.308346	1	3	RESPONSE
57.308693	1	3	CONSEQUENCE
57.788350	1	3	RESPONSE
58.076400	1	3	RESPONSE
58.500350	1	3	RESPONSE
58.500626	1	3	CONSEQUENCE
58.740373	1	3	RESPONSE
58.988388	1	3	RESPONSE
59.236940	1	3	RESPONSE
59.460366	1	3	RESPONSE
59.460615	1	3	CONSEQUENCE
59.692382	1	3	RESPONSE
59.900354	1	3	RESPONSE
60.380338	1	3	RESPONSE
60.380617	1	3	CONSEQUENCE
60.636363	1	3	RESPONSE
60.844376	1	3	RESPONSE
61.036422	1	3	RESPONSE
61.300381	1	3	RESPONSE
61.300646	1	3	CONSEQUENCE
61.516447	1	3	RESPONSE
61.788403	1	3	RESPONSE
61.996380	1	3	RESPONSE
62.228429	1	3	RESPONSE
62.228687	1	3	CONSEQUENCE
62.466470	1	3	TRIAL_END
62.508440	1	4	IET R
62.788419	1	4	IET R
63.472138	1	4	TRIAL_START
73.479848	1	4	TRIAL_END
74.493114	2	5	TRIAL_START
78.499338	2	5	TRIAL_END
78.499886	2	5	HIT
86.530223	2	6	TRIAL_START
90.548757	2	6	TRIAL_END
90.549669	2	6	MISS
91.052572	2	7	IET R
98.560916	2	7	TRIAL_START
99.348649	2	7	RESPONSE
99.556666	2	7	RESPONSE
99.796663	2	7	RESPONSE
100.052649	2	7	RESPONSE
100.372715	2	7	RESPONSE
100.620639	2	7	RESPONSE
100.844646	2	7	RESPONSE
101.380651	2	7	RESPONSE
101.732661	2	7	RESPONSE
102.420670	2	7	RESPONSE
102.562486	2	7	TRIAL_END
102.563249	2	7	MISS
102.924704	2	8	IET R
110.588498	2	8	TRIAL_START
111.636797	2	8	RESPONSE
111.820733	2	8	RESPONSE
112.052738	2	8	RESPONSE
112.244723	2	8	RESPONSE
112.460742	2	8	RESPONSE
112.636717	2	8	RESPONSE
112.852821	2	8	RESPONSE
113.060767	2	8	RESPONSE
113.252865	2	8	RESPONSE
113.500724	2	8	RESPONSE
113.708751	2	8	RESPONSE
113.948889	2	8	RESPONSE
114.164747	2	8	RESPONSE
114.388742	2	8	RESPONSE
114.589603	2	8	TRIAL_END
114.590112	2	8	MISS
114.604771	2	9	IET R
114.844757	2	9	IET R
122.599396	2	9	TRIAL_START
123.364805	2	9	RESPONSE
123.548815	2	9	RESPONSE
123.748802	2	9	RESPONSE
123.956791	2	9	RESPONSE
124.196812	2	9	RESPONSE
124.412817	2	9	RESPONSE
124.676816	2	9	RESPONSE
124.892827	2	9	RESPONSE
125.172836	2	9	RESPONSE
125.404826	2	9	RESPONSE
125.604843	2	9	RESPONSE
125.828822	2	9	RESPONSE
126.028815	2	9	RESPONSE
126.260805	2	9	RESPONSE
126.484928	2	9	RESPONSE
126.600608	2	9	TRIAL_END
126.601152	2	9	MISS
126.716877	2	10	IET R
126.988811	2	10	IET R
134.620231	2	10	TRIAL_START
135.284892	2	10	RESPONSE
135.476894	2	10	RESPONSE
135.700939	2	10	RESPONSE
135.956899	2	10	RESPONSE
136.204896	2	10	RESPONSE
136.572902	2	10	RESPONSE
136.804923	2	10	RESPONSE
136.996905	2	10	RESPONSE
137.220900	2	10	RESPONSE
137.420903	2	10	RESPONSE
137.876969	2	10	RESPONSE
138.052914	2	10	RESPONSE
138.300906	2	10	RESPONSE
138.500879	2	10	RESPONSE
138.621608	2	10	TRIAL_END
138.622367	2	10	CONSEQUENCE
138.622532	2	10	HIT
138.724927	2	11	IET R
138.916924	2	11	IET R
140.492912	2	11	IET R
146.651627	2	11	TRIAL_START
147.380967	2	11	RESPONSE
147.564998	2	11	RESPONSE
147.740957	2	11	RESPONSE
147.892991	2	11	RESPONSE
148.181000	2	11	RESPONSE
148.597014	2	11	RESPONSE
148.732985	2	11	RESPONSE
148.908966	2	11	RESPONSE
149.028975	2	11	RESPONSE
149.252990	2	11	RESPONSE
149.564981	2	11	RESPONSE
149.717001	2	11	RESPONSE
150.013023	2	11	RESPONSE
150.189003	2	11	RESPONSE
150.396978	2	11	RESPONSE
150.629020	2	11	RESPONSE
150.652271	2	11	TRIAL_END
150.652987	2	11	MISS
150.916997	2	12	IET R
151.188972	2	12	IET R
151.524975	2	12	IET R
158.667540	2	12	TRIAL_START
159.237092	2	12	RESPONSE
159.445069	2	12	RESPONSE
159.645051	2	12	RESPONSE
159.821072	2	12	RESPONSE
159.997062	2	12	RESPONSE
160.093067	2	12	RESPONSE
160.237046	2	12	RESPONSE
160.485044	2	12	RESPONSE
160.709049	2	12	RESPONSE
161.053060	2	12	RESPONSE
161.237044	2	12	RESPONSE
161.413047	2	12	RESPONSE
161.653053	2	12	RESPONSE
161.861039	2	12	RESPONSE
162.037127	2	12	RESPONSE
162.197082	2	12	RESPONSE
162.397074	2	12	RESPONSE
162.549062	2	12	RESPONSE
162.667856	2	12	TRIAL_END
162.668388	2	12	MISS
162.717063	2	13	IET R
162.869056	2	13	IET R
163.053055	2	13	IET R
170.693601	2	13	TRIAL_START
171.421133	2	13	RESPONSE
171.621133	2	13	RESPONSE
171.805138	2	13	RESPONSE
172.013153	2	13	RESPONSE
172.245113	2	13	RESPONSE
172.413140	2	13	RESPONSE
172.637170	2	13	RESPONSE
172.789228	2	13	RESPONSE
173.085133	2	13	RESPONSE
173.277163	2	13	RESPONSE
173.445170	2	13	RESPONSE
173.773143	2	13	RESPONSE
173.909140	2	13	RESPONSE
174.069327	2	13	RESPONSE
174.205192	2	13	RESPONSE
174.301178	2	13	RESPONSE
174.461162	2	13	RESPONSE
174.621146	2	13	RESPONSE
174.694671	2	13	TRIAL_END
174.695236	2	13	CONSEQUENCE
174.695374	2	13	HIT
174.773136	2	14	IET R
174.917142	2	14	IET R
182.706234	2	14	TRIAL_START
183.253325	2	14	RESPONSE
183.445222	2	14	RESPONSE
183.605208	2	14	RESPONSE
183.773220	2	14	RESPONSE
183.901231	2	14	RESPONSE
184.213228	2	14	RESPONSE
184.381221	2	14	RESPONSE
184.517231	2	14	RESPONSE
184.661216	2	14	RESPONSE
184.765212	2	14	RESPONSE
185.029215	2	14	RESPONSE
185.293219	2	14	RESPONSE
185.501213	2	14	RESPONSE
185.653241	2	14	RESPONSE
185.821230	2	14	RESPONSE
186.109206	2	14	RESPONSE
186.301255	2	14	RESPONSE
186.485220	2	14	RESPONSE
186.661215	2	14	RESPONSE
186.706559	2	14	TRIAL_END
186.707218	2	14	MISS
186.837223	2	15	IET R
187.005212	2	15	IET R
187.189227	2	15	IET R
194.725070	2	15	TRIAL_START
195.429311	2	15	RESPONSE
195.597294	2	15	RESPONSE
195.781320	2	15	RESPONSE
195.941306	2	15	RESPONSE
196.141287	2	15	RESPONSE
196.341287	2	15	RESPONSE
196.493350	2	15	RESPONSE
196.797433	2	15	RESPONSE
196.925312	2	15	RESPONSE
197.429327	2	15	RESPONSE
197.613301	2	15	RESPONSE
197.757316	2	15	RESPONSE
197.917282	2	15	RESPONSE
198.029300	2	15	RESPONSE
198.165446	2	15	RESPONSE
198.421294	2	15	RESPONSE
198.621311	2	15	RESPONSE
198.726053	2	15	TRIAL_END
198.726813	2	15	MISS
198.789299	2	16	IET R
206.738190	2	16	TRIAL_START
207.421355	2	16	RESPONSE
207.565355	2	16	RESPONSE
207.877393	2	16	RESPONSE
208.029380	2	16	RESPONSE
208.181376	2	16	RESPONSE
208.445351	2	16	RESPONSE
208.581373	2	16	RESPONSE
208.861477	2	16	RESPONSE
209.021368	2	16	RESPONSE
209.181363	2	16	RESPONSE
209.309365	2	16	RESPONSE
209.733357	2	16	RESPONSE
209.893388	2	16	RESPONSE
210.061412	2	16	RESPONSE
210.189373	2	16	RESPONSE
210.453370	2	16	RESPONSE
210.613506	2	16	RESPONSE
210.738458	2	16	TRIAL_END
210.739411	2	16	CONSEQUENCE
210.739571	2	16	HIT
210.797356	2	17	IET R
210.949543	2	17	IET R
211.109385	2	17	IET R
218.754498	2	17	TRIAL_START
219.717435	2	17	RESPONSE
219.861578	2	17	RESPONSE
220.021470	2	17	RESPONSE
220.149472	2	17	RESPONSE
220.269450	2	17	RESPONSE
220.501444	2	17	RESPONSE
220.701442	2	17	RESPONSE
220.861524	2	17	RESPONSE
221.005446	2	17	RESPONSE
221.253437	2	17	RESPONSE
221.581473	2	17	RESPONSE
221.789473	2	17	RESPONSE
221.957488	2	17	RESPONSE
222.397445	2	17	RESPONSE
222.517506	2	17	RESPONSE
222.717458	2	17	RESPONSE
222.754782	2	17	TRIAL_END
222.755380	2	17	CONSEQUENCE
222.755493	2	17	HIT
222.909467	2	18	IET R
223.085686	2	18	IET R
230.780730	2	18	TRIAL_START
231.749539	2	18	RESPONSE
231.933532	2	18	RESPONSE
232.077525	2	18	RESPONSE
232.245546	2	18	RESPONSE
232.517527	2	18	RESPONSE
232.701550	2	18	RESPONSE
232.893517	2	18	RESPONSE
233.077525	2	18	RESPONSE
233.301529	2	18	RESPONSE
233.469531	2	18	RESPONSE
233.621557	2	18	RESPONSE
233.917537	2	18	RESPONSE
234.109617	2	18	RESPONSE
234.501523	2	18	RESPONSE
234.701528	2	18	RESPONSE
234.782035	2	18	TRIAL_END
234.783959	2	18	CONSEQUENCE
234.784176	2	18	HIT
234.869536	2	19	IET R
235.045544	2	19	IET R
242.793104	2	19	TRIAL_START
243.837628	2	19	RESPONSE
244.061603	2	19	RESPONSE
244.237587	2	19	RESPONSE
244.397595	2	19	RESPONSE
244.605721	2	19	RESPONSE
244.837580	2	19	RESPONSE
245.021639	2	19	RESPONSE
245.253576	2	19	RESPONSE
245.477590	2	19	RESPONSE
245.693617	2	19	RESPONSE
245.957591	2	19	RESPONSE
246.157613	2	19	RESPONSE
246.413617	2	19	RESPONSE
246.685777	2	19	RESPONSE
246.794437	2	19	TRIAL_END
246.795183	2	19	MISS
246.941607	2	20	IET R
254.815675	2	20	TRIAL_START
255.493662	2	20	RESPONSE
255.709670	2	20	RESPONSE
255.885659	2	20	RESPONSE
256.013675	2	20	RESPONSE
256.189669	2	20	RESPONSE
256.389669	2	20	RESPONSE
256.557671	2	20	RESPONSE
256.837655	2	20	RESPONSE
257.149705	2	20	RESPONSE
257.325692	2	20	RESPONSE
257.557683	2	20	RESPONSE
257.709673	2	20	RESPONSE
257.877895	2	20	RESPONSE
258.125683	2	20	RESPONSE
258.317672	2	20	RESPONSE
258.453673	2	20	RESPONSE
258.661705	2	20	RESPONSE
258.815871	2	20	TRIAL_END
258.816428	2	20	MISS
258.965674	2	21	IET R
259.197785	2	21	IET R
266.847121	2	21	TRIAL_START
267.461748	2	21	RESPONSE
267.653732	2	21	RESPONSE
267.813771	2	21	RESPONSE
267.989722	2	21	RESPONSE
268.141797	2	21	RESPONSE
268.293757	2	21	RESPONSE
268.573813	2	21	RESPONSE
268.821743	2	21	RESPONSE
269.021749	2	21	RESPONSE
269.477759	2	21	RESPONSE
269.693747	2	21	RESPONSE
269.877756	2	21	RESPONSE
270.069766	2	21	RESPONSE
270.253763	2	21	RESPONSE
270.509773	2	21	RESPONSE
270.701764	2	21	RESPONSE
270.848636	2	21	TRIAL_END
270.849171	2	21	CONSEQUENCE
270.849304	2	21	HIT
271.077780	2	22	IET R
278.864535	2	22	TRIAL_START
280.694090	2	22	RESPONSE
280.909840	2	22	RESPONSE
281.165912	2	22	RESPONSE
281.453852	2	22	RESPONSE
281.637845	2	22	RESPONSE
282.181850	2	22	RESPONSE
282.397937	2	22	RESPONSE
282.669867	2	22	RESPONSE
282.864923	2	22	TRIAL_END
282.865674	2	22	MISS
282.885826	2	23	IET R
283.109861	2	23	IET R
290.873607	2	23	TRIAL_START
291.893970	2	23	RESPONSE
292.125871	2	23	RESPONSE
292.333879	2	23	RESPONSE
292.517891	2	23	RESPONSE
292.821887	2	23	RESPONSE
293.013889	2	23	RESPONSE
293.141943	2	23	RESPONSE
293.341867	2	23	RESPONSE
293.517885	2	23	RESPONSE
293.685902	2	23	RESPONSE
293.853928	2	23	RESPONSE
294.157875	2	23	RESPONSE
294.605899	2	23	RESPONSE
294.821910	2	23	RESPONSE
294.874289	2	23	TRIAL_END
294.874917	2	23	CONSEQUENCE
294.875084	2	23	HIT
295.005927	2	24	IET R
295.189899	2	24	IET R
302.884270	2	24	TRIAL_START
303.909940	2	24	RESPONSE
304.117964	2	24	RESPONSE
304.501960	2	24	RESPONSE
304.701964	2	24	RESPONSE
304.909961	2	24	RESPONSE
305.149961	2	24	RESPONSE
305.341980	2	24	RESPONSE
305.581969	2	24	RESPONSE
305.813963	2	24	RESPONSE
306.037976	2	24	RESPONSE
306.293994	2	24	RESPONSE
306.509984	2	24	RESPONSE
306.758118	2	24	RESPONSE
306.885922	2	24	TRIAL_END
306.886462	2	24	CONSEQUENCE
306.886575	2	24	HIT
306.997981	2	25	IET R
307.222002	2	25	IET R
314.897178	2	25	TRIAL_START
315.902039	2	25	RESPONSE
316.102065	2	25	RESPONSE
316.278018	2	25	RESPONSE
316.438171	2	25	RESPONSE
316.630029	2	25	RESPONSE
316.774022	2	25	RESPONSE
317.014035	2	25	RESPONSE
317.230033	2	25	RESPONSE
317.438051	2	25	RESPONSE
317.606046	2	25	RESPONSE
317.854066	2	25	RESPONSE
318.086159	2	25	RESPONSE
318.310045	2	25	RESPONSE
318.550045	2	25	RESPONSE
318.758090	2	25	RESPONSE
318.897925	2	25	TRIAL_END
318.898452	2	25	CONSEQUENCE
318.898577	2	25	HIT
318.950078	2	26	IET R
319.166054	2	26	IET R
326.909994	2	26	TRIAL_START
328.102130	2	26	RESPONSE
328.319417	2	26	RESPONSE
328.510107	2	26	RESPONSE
328.702102	2	26	RESPONSE
328.910103	2	26	RESPONSE
329.190106	2	26	RESPONSE
329.430142	2	26	RESPONSE
329.670138	2	26	RESPONSE
329.918116	2	26	RESPONSE
330.142146	2	26	RESPONSE
330.382145	2	26	RESPONSE
330.638145	2	26	RESPONSE
330.886255	2	26	RESPONSE
330.910548	2	26	TRIAL_END
330.911054	2	26	CONSEQUENCE
330.911163	2	26	HIT
331.158130	2	27	IET R
338.925171	2	27	TRIAL_START
342.928055	2	27	TRIAL_END
342.928572	2	27	HIT
350.952367	2	28	TRIAL_START
351.638269	2	28	RESPONSE
351.830246	2	28	RESPONSE
351.990276	2	28	RESPONSE
352.158272	2	28	RESPONSE
352.382264	2	28	RESPONSE
352.558271	2	28	RESPONSE
352.750313	2	28	RESPONSE
352.974280	2	28	RESPONSE
353.182253	2	28	RESPONSE
353.350264	2	28	RESPONSE
353.750269	2	28	RESPONSE
353.926265	2	28	RESPONSE
354.102268	2	28	RESPONSE
354.262291	2	28	RESPONSE
354.406252	2	28	RESPONSE
354.582268	2	28	RESPONSE
354.950261	2	28	RESPONSE
354.953428	2	28	TRIAL_END
354.954188	2	28	CONSEQUENCE
354.954359	2	28	HIT
355.142285	2	29	IET R
362.981704	2	29	TRIAL_START
363.878564	2	29	RESPONSE
364.086317	2	29	RESPONSE
364.302346	2	29	RESPONSE
364.534330	2	29	RESPONSE
364.742328	2	29	RESPONSE
364.950348	2	29	RESPONSE
365.158465	2	29	RESPONSE
365.374333	2	29	RESPONSE
365.566334	2	29	RESPONSE
365.838374	2	29	RESPONSE
366.070334	2	29	RESPONSE
366.294353	2	29	RESPONSE
366.542409	2	29	RESPONSE
366.782335	2	29	RESPONSE
366.982303	2	29	TRIAL_END
366.982810	2	29	CONSEQUENCE
366.982920	2	29	HIT
366.998327	2	30	IET R
367.230346	2	30	IET R
374.990698	2	30	TRIAL_START
375.910394	2	30	RESPONSE
376.126393	2	30	RESPONSE
376.326393	2	30	RESPONSE
376.526391	2	30	RESPONSE
376.750429	2	30	RESPONSE
376.958477	2	30	RESPONSE
377.142401	2	30	RESPONSE
377.342413	2	30	RESPONSE
377.534412	2	30	RESPONSE
377.742437	2	30	RESPONSE
377.958402	2	30	RESPONSE
378.158453	2	30	RESPONSE
378.350428	2	30	RESPONSE
378.542396	2	30	RESPONSE
378.846387	2	30	RESPONSE
378.990959	2	30	TRIAL_END
378.991804	2	30	CONSEQUENCE
378.991974	2	30	HIT
379.078404	2	31	IET R
379.270400	2	31	IET R
387.022438	2	31	TRIAL_START
388.142469	2	31	RESPONSE
388.334482	2	31	RESPONSE
388.606471	2	31	RESPONSE
388.894468	2	31	RESPONSE
389.158500	2	31	RESPONSE
389.446529	2	31	RESPONSE
389.750465	2	31	RESPONSE
390.022467	2	31	RESPONSE
390.302633	2	31	RESPONSE
390.550529	2	31	RESPONSE
390.854522	2	31	RESPONSE
391.023508	2	31	TRIAL_END
391.024008	2	31	MISS
391.182516	2	32	IET R
399.036780	2	32	TRIAL_START
399.966647	2	32	RESPONSE
400.214553	2	32	RESPONSE
400.406563	2	32	RESPONSE
400.590532	2	32	RESPONSE
400.894556	2	32	RESPONSE
401.158540	2	32	RESPONSE
401.550522	2	32	RESPONSE
401.782561	2	32	RESPONSE
401.934551	2	32	RESPONSE
402.230562	2	32	RESPONSE
402.502684	2	32	RESPONSE
402.686550	2	32	RESPONSE
403.014546	2	32	RESPONSE
403.037780	2	32	TRIAL_END
403.038301	2	32	MISS
411.064363	2	33	TRIAL_START
411.598602	2	33	RESPONSE
411.790601	2	33	RESPONSE
411.950612	2	33	RESPONSE
412.286624	2	33	RESPONSE
412.502635	2	33	RESPONSE
412.758615	2	33	RESPONSE
413.006623	2	33	RESPONSE
413.190617	2	33	RESPONSE
413.454612	2	33	RESPONSE
413.790616	2	33	RESPONSE
414.038603	2	33	RESPONSE
414.230667	2	33	RESPONSE
414.406635	2	33	RESPONSE
414.782713	2	33	RESPONSE
414.990620	2	33	RESPONSE
415.065115	2	33	TRIAL_END
415.065880	2	33	CONSEQUENCE
415.066016	2	33	HIT
415.350627	2	34	IET R
423.074925	2	34	TRIAL_START
423.878665	2	34	RESPONSE
424.070660	2	34	RESPONSE
424.270670	2	34	RESPONSE
424.438681	2	34	RESPONSE
424.870685	2	34	RESPONSE
425.086676	2	34	RESPONSE
425.278703	2	34	RESPONSE
425.662668	2	34	RESPONSE
425.870680	2	34	RESPONSE
426.046789	2	34	RESPONSE
426.398688	2	34	RESPONSE
426.574694	2	34	RESPONSE
426.758698	2	34	RESPONSE
426.958704	2	34	RESPONSE
427.076423	2	34	TRIAL_END
427.077263	2	34	CONSEQUENCE
427.077449	2	34	HIT
427.342705	2	35	IET R
435.092358	2	35	TRIAL_START
435.862740	2	35	RESPONSE
436.062736	2	35	RESPONSE
436.230747	2	35	RESPONSE
436.390757	2	35	RESPONSE
436.638777	2	35	RESPONSE
436.838758	2	35	RESPONSE
436.990767	2	35	RESPONSE
437.286763	2	35	RESPONSE
437.662743	2	35	RESPONSE
437.862757	2	35	RESPONSE
438.054763	2	35	RESPONSE
438.238754	2	35	RESPONSE
438.422791	2	35	RESPONSE
438.598761	2	35	RESPONSE
438.750767	2	35	RESPONSE
438.902763	2	35	RESPONSE
439.092767	2	35	TRIAL_END
439.093627	2	35	MISS
439.158754	2	36	IET R
439.326869	2	36	IET R
447.112986	2	36	TRIAL_START
448.134828	2	36	RESPONSE
448.326804	2	36	RESPONSE
448.502822	2	36	RESPONSE
448.702828	2	36	RESPONSE
449.086813	2	36	RESPONSE
449.294805	2	36	RESPONSE
449.478843	2	36	RESPONSE
449.646825	2	36	RESPONSE
449.838868	2	36	RESPONSE
450.006805	2	36	RESPONSE
450.214851	2	36	RESPONSE
450.382821	2	36	RESPONSE
450.566831	2	36	RESPONSE
450.966825	2	36	RESPONSE
451.113751	2	36	TRIAL_END
451.114340	2	36	MISS
451.134836	2	37	IET R
451.278826	2	37	IET R
459.126562	2	37	TRIAL_START
459.822889	2	37	RESPONSE
460.014894	2	37	RESPONSE
460.214916	2	37	RESPONSE
460.414873	2	37	RESPONSE
460.702880	2	37	RESPONSE
460.926907	2	37	RESPONSE
461.118998	2	37	RESPONSE
461.382898	2	37	RESPONSE
461.638981	2	37	RESPONSE
461.830876	2	37	RESPONSE
462.046915	2	37	RESPONSE
462.286925	2	37	RESPONSE
462.534912	2	37	RESPONSE
462.734901	2	37	RESPONSE
462.942919	2	37	RESPONSE
463.126781	2	37	TRIAL_END
463.127286	2	37	CONSEQUENCE
463.127423	2	37	HIT
463.182948	2	38	IET R
463.406900	2	38	IET R
471.149297	2	38	TRIAL_START
471.702945	2	38	RESPONSE
471.886934	2	38	RESPONSE
472.078949	2	38	RESPONSE
472.270963	2	38	RESPONSE
472.454959	2	38	RESPONSE
472.798941	2	38	RESPONSE
472.990950	2	38	RESPONSE
473.254968	2	38	RESPONSE
473.430945	2	38	RESPONSE
473.606987	2	38	RESPONSE
473.902979	2	38	RESPONSE
474.126972	2	38	RESPONSE
474.494970	2	38	RESPONSE
474.695001	2	38	RESPONSE
474.911014	2	38	RESPONSE
475.094978	2	38	RESPONSE
475.150367	2	38	TRIAL_END
475.151109	2	38	CONSEQUENCE
475.151223	2	38	HIT
475.430985	2	39	IET R
483.162310	2	39	TRIAL_START
483.951010	2	39	RESPONSE
484.167167	2	39	RESPONSE
484.367182	2	39	RESPONSE
484.575062	2	39	RESPONSE
484.823025	2	39	RESPONSE
485.055008	2	39	RESPONSE
485.255011	2	39	RESPONSE
485.487025	2	39	RESPONSE
485.679036	2	39	RESPONSE
486.039185	2	39	RESPONSE
486.263033	2	39	RESPONSE
486.543007	2	39	RESPONSE
486.863037	2	39	RESPONSE
487.159036	2	39	RESPONSE
487.163181	2	39	TRIAL_END
487.164090	2	39	CONSEQUENCE
487.164266	2	39	HIT
487.375037	2	40	IET R
495.185177	2	40	TRIAL_START
496.111345	2	40	RESPONSE
496.351075	2	40	RESPONSE
496.551103	2	40	RESPONSE
496.703089	2	40	RESPONSE
496.983099	2	40	RESPONSE
497.207098	2	40	RESPONSE
497.415074	2	40	RESPONSE
497.647201	2	40	RESPONSE
497.863103	2	40	RESPONSE
498.175105	2	40	RESPONSE
498.407109	2	40	RESPONSE
498.631088	2	40	RESPONSE
498.831519	2	40	RESPONSE
499.039096	2	40	RESPONSE
499.186946	2	40	TRIAL_END
499.187723	2	40	MISS
499.423102	2	41	IET R
507.205994	2	41	TRIAL_START
508.111253	2	41	RESPONSE
508.327181	2	41	RESPONSE
508.519152	2	41	RESPONSE
508.695254	2	41	RESPONSE
508.991151	2	41	RESPONSE
509.231161	2	41	RESPONSE
509.431190	2	41	RESPONSE
509.639151	2	41	RESPONSE
509.831159	2	41	RESPONSE
510.215149	2	41	RESPONSE
510.447203	2	41	RESPONSE
510.655163	2	41	RESPONSE
510.855183	2	41	RESPONSE
511.206960	2	41	TRIAL_END
511.207630	2	41	CONSEQUENCE
511.207792	2	41	HIT
511.343143	2	42	IET R
511.543187	2	42	IET R
519.215394	2	42	TRIAL_START
520.023229	2	42	RESPONSE
520.215201	2	42	RESPONSE
520.583186	2	42	RESPONSE
520.839268	2	42	RESPONSE
521.023208	2	42	RESPONSE
521.207212	2	42	RESPONSE
521.791323	2	42	RESPONSE
521.983219	2	42	RESPONSE
522.159343	2	42	RESPONSE
522.343233	2	42	RESPONSE
522.551267	2	42	RESPONSE
522.711252	2	42	RESPONSE
522.927228	2	42	RESPONSE
523.103417	2	42	RESPONSE
523.216123	2	42	TRIAL_END
523.217004	2	42	MISS
523.281230	2	43	IET R
531.229504	2	43	TRIAL_START
532.103266	2	43	RESPONSE
532.343274	2	43	RESPONSE
532.551283	2	43	RESPONSE
532.727285	2	43	RESPONSE
533.191443	2	43	RESPONSE
533.383324	2	43	RESPONSE
533.599259	2	43	RESPONSE
533.855416	2	43	RESPONSE
534.063278	2	43	RESPONSE
534.255485	2	43	RESPONSE
534.575326	2	43	RESPONSE
534.831320	2	43	RESPONSE
535.031290	2	43	RESPONSE
535.230038	2	43	TRIAL_END
535.230518	2	43	CONSEQUENCE
535.230635	2	43	HIT
535.279778	2	44	IET R
535.527288	2	44	IET R
543.240426	2	44	TRIAL_START
544.087355	2	44	RESPONSE
544.311362	2	44	RESPONSE
544.527367	2	44	RESPONSE
544.775394	2	44	RESPONSE
545.215464	2	44	RESPONSE
545.495409	2	44	RESPONSE
545.711401	2	44	RESPONSE
545.967403	2	44	RESPONSE
546.351385	2	44	RESPONSE
546.591361	2	44	RESPONSE
546.855368	2	44	RESPONSE
547.103392	2	44	RESPONSE
547.241179	2	44	TRIAL_END
547.241678	2	44	MISS
547.391406	2	45	IET R
555.261265	2	45	TRIAL_START
556.191522	2	45	RESPONSE
556.383568	2	45	RESPONSE
556.615450	2	45	RESPONSE
556.807462	2	45	RESPONSE
557.111459	2	45	RESPONSE
557.401291	2	45	RESPONSE
557.583495	2	45	RESPONSE
557.831490	2	45	RESPONSE
558.039428	2	45	RESPONSE
558.271456	2	45	RESPONSE
558.487483	2	45	RESPONSE
558.727477	2	45	RESPONSE
558.983499	2	45	RESPONSE
559.223448	2	45	RESPONSE
559.261745	2	45	TRIAL_END
559.262513	2	45	CONSEQUENCE
559.262698	2	45	HIT
559.439430	2	46	IET R
567.272289	2	46	TRIAL_START
567.903486	2	46	RESPONSE
568.111605	2	46	RESPONSE
568.319486	2	46	RESPONSE
568.519522	2	46	RESPONSE
568.751476	2	46	RESPONSE
568.991512	2	46	RESPONSE
569.223463	2	46	RESPONSE
569.431517	2	46	RESPONSE
569.671506	2	46	RESPONSE
569.903490	2	46	RESPONSE
570.151479	2	46	RESPONSE
570.407513	2	46	RESPONSE
570.783498	2	46	RESPONSE
571.087488	2	46	RESPONSE
571.273544	2	46	TRIAL_END
571.274312	2	46	MISS
571.439508	2	47	IET R
571.735488	2	47	IET R
579.289327	2	47	TRIAL_START
580.359566	2	47	RESPONSE
580.599541	2	47	RESPONSE
580.815563	2	47	RESPONSE
581.111507	2	47	RESPONSE
581.375577	2	47	RESPONSE
581.599539	2	47	RESPONSE
581.839557	2	47	RESPONSE
582.055592	2	47	RESPONSE
582.287553	2	47	RESPONSE
582.535553	2	47	RESPONSE
582.839570	2	47	RESPONSE
583.143569	2	47	RESPONSE
583.290383	2	47	TRIAL_END
583.291091	2	47	CONSEQUENCE
583.291200	2	47	HIT
583.399590	2	48	IET R
583.647644	2	48	IET R
583.847542	2	48	IET R
591.312598	2	48	TRIAL_START
593.063633	2	48	RESPONSE
593.239618	2	48	RESPONSE
593.431610	2	48	RESPONSE
593.599624	2	48	RESPONSE
593.767646	2	48	RESPONSE
593.951633	2	48	RESPONSE
594.175615	2	48	RESPONSE
594.383624	2	48	RESPONSE
594.559618	2	48	RESPONSE
594.799620	2	48	RESPONSE
594.999654	2	48	RESPONSE
595.231637	2	48	RESPONSE
595.313222	2	48	TRIAL_END
595.313728	2	48	MISS
595.471807	2	49	IET R
595.719648	2	49	IET R
603.324593	2	49	TRIAL_START
604.095792	2	49	RESPONSE
604.343680	2	49	RESPONSE
604.527670	2	49	RESPONSE
604.711672	2	49	RESPONSE
604.863678	2	49	RESPONSE
605.111693	2	49	RESPONSE
605.311678	2	49	RESPONSE
605.495672	2	49	RESPONSE
605.879730	2	49	RESPONSE
606.087696	2	49	RESPONSE
606.303731	2	49	RESPONSE
606.527710	2	49	RESPONSE
606.727687	2	49	RESPONSE
606.919677	2	49	RESPONSE
607.111687	2	49	RESPONSE
607.319676	2	49	RESPONSE
607.324848	2	49	TRIAL_END
607.325389	2	49	MISS
615.345582	2	50	TRIAL_START
615.863761	2	50	RESPONSE
616.063770	2	50	RESPONSE
616.255738	2	50	RESPONSE
616.439752	2	50	RESPONSE
616.639722	2	50	RESPONSE
617.039747	2	50	RESPONSE
617.255758	2	50	RESPONSE
617.695813	2	50	RESPONSE
617.919744	2	50	RESPONSE
618.151751	2	50	RESPONSE
618.383750	2	50	RESPONSE
618.647768	2	50	RESPONSE
618.855791	2	50	RESPONSE
619.063751	2	50	RESPONSE
619.279751	2	50	RESPONSE
619.346220	2	50	TRIAL_END
619.347112	2	50	MISS
619.495758	2	51	IET R
627.376980	2	51	TRIAL_START
628.039801	2	51	RESPONSE
628.263959	2	51	RESPONSE
628.471802	2	51	RESPONSE
628.664023	2	51	RESPONSE
628.855833	2	51	RESPONSE
629.055907	2	51	RESPONSE
629.415814	2	51	RESPONSE
629.679831	2	51	RESPONSE
629.919809	2	51	RESPONSE
630.183796	2	51	RESPONSE
630.399895	2	51	RESPONSE
630.663809	2	51	RESPONSE
630.920022	2	51	RESPONSE
631.151850	2	51	RESPONSE
631.378109	2	51	TRIAL_END
631.378851	2	51	MISS
631.392382	2	52	IET R
631.639833	2	52	IET R
631.863816	2	52	IET R
639.392712	2	52	TRIAL_START
640.207859	2	52	RESPONSE
640.399872	2	52	RESPONSE
640.583906	2	52	RESPONSE
640.775861	2	52	RESPONSE
641.223879	2	52	RESPONSE
641.455888	2	52	RESPONSE
641.655893	2	52	RESPONSE
641.879972	2	52	RESPONSE
642.111851	2	52	RESPONSE
642.359899	2	52	RESPONSE
642.567876	2	52	RESPONSE
642.783911	2	52	RESPONSE
642.999885	2	52	RESPONSE
643.223901	2	52	RESPONSE
643.393732	2	52	TRIAL_END
643.394295	2	52	CONSEQUENCE
643.394405	2	52	HIT
643.464300	2	53	IET R
643.599884	2	53	IET R
643.823890	2	53	IET R
651.417767	2	53	TRIAL_START
652.207908	2	53	RESPONSE
652.455957	2	53	RESPONSE
652.735960	2	53	RESPONSE
653.039919	2	53	RESPONSE
653.352130	2	53	RESPONSE
653.663939	2	53	RESPONSE
653.991931	2	53	RESPONSE
654.191929	2	53	RESPONSE
654.511972	2	53	RESPONSE
654.679944	2	53	RESPONSE
655.023932	2	53	RESPONSE
655.207953	2	53	RESPONSE
655.419144	2	53	TRIAL_END
655.419673	2	53	CONSEQUENCE
655.419784	2	53	HIT
655.679943	2	54	IET R
655.848045	2	54	IET R
663.429114	2	54	TRIAL_START
664.160010	2	54	RESPONSE
664.384007	2	54	RESPONSE
664.583996	2	54	RESPONSE
664.720026	2	54	RESPONSE
664.967989	2	54	RESPONSE
665.144012	2	54	RESPONSE
665.336003	2	54	RESPONSE
665.663992	2	54	RESPONSE
665.816015	2	54	RESPONSE
665.975995	2	54	RESPONSE
666.255994	2	54	RESPONSE
666.456025	2	54	RESPONSE
666.608054	2	54	RESPONSE
666.864029	2	54	RESPONSE
667.024139	2	54	RESPONSE
667.176091	2	54	RESPONSE
667.328009	2	54	RESPONSE
667.430661	2	54	TRIAL_END
667.431164	2	54	CONSEQUENCE
667.431281	2	54	HIT
667.768033	2	55	IET R
675.443560	2	55	TRIAL_START
676.376149	2	55	RESPONSE
676.624030	2	55	RESPONSE
676.904078	2	55	RESPONSE
677.104144	2	55	RESPONSE
677.288052	2	55	RESPONSE
677.480088	2	55	RESPONSE
677.608061	2	55	RESPONSE
677.864073	2	55	RESPONSE
678.048088	2	55	RESPONSE
678.256087	2	55	RESPONSE
678.488151	2	55	RESPONSE
678.664123	2	55	RESPONSE
678.768085	2	55	RESPONSE
679.000076	2	55	RESPONSE
679.368081	2	55	RESPONSE
679.444591	2	55	TRIAL_END
679.445513	2	55	MISS
679.552285	2	56	IET R
679.712125	2	56	IET R
680.040085	2	56	IET R
680.256071	2	56	IET R
687.476924	2	56	TRIAL_START
688.168125	2	56	RESPONSE
688.368151	2	56	RESPONSE
688.568142	2	56	RESPONSE
688.696101	2	56	RESPONSE
688.872124	2	56	RESPONSE
689.080131	2	56	RESPONSE
689.264118	2	56	RESPONSE
689.512125	2	56	RESPONSE
689.760144	2	56	RESPONSE
690.064157	2	56	RESPONSE
690.296155	2	56	RESPONSE
690.472121	2	56	RESPONSE
690.656137	2	56	RESPONSE
690.856134	2	56	RESPONSE
691.040140	2	56	RESPONSE
691.208131	2	56	RESPONSE
691.400130	2	56	RESPONSE
691.477654	2	56	TRIAL_END
691.478514	2	56	CONSEQUENCE
691.478675	2	56	HIT
691.584129	2	57	IET R
691.776139	2	57	IET R
699.487837	2	57	TRIAL_START
700.456170	2	57	RESPONSE
700.672167	2	57	RESPONSE
700.824199	2	57	RESPONSE
701.040178	2	57	RESPONSE
701.232207	2	57	RESPONSE
701.424172	2	57	RESPONSE
701.648181	2	57	RESPONSE
701.864182	2	57	RESPONSE
702.128186	2	57	RESPONSE
702.424204	2	57	RESPONSE
702.768242	2	57	RESPONSE
703.040194	2	57	RESPONSE
703.328209	2	57	RESPONSE
703.489126	2	57	TRIAL_END
703.489874	2	57	MISS
703.608232	2	58	IET R
703.896297	2	58	IET R
711.504378	2	58	TRIAL_START
711.984219	2	58	RESPONSE
712.176228	2	58	RESPONSE
712.344394	2	58	RESPONSE
712.672254	2	58	RESPONSE
712.816224	2	58	RESPONSE
713.128234	2	58	RESPONSE
713.544308	2	58	RESPONSE
713.728272	2	58	RESPONSE
714.272267	2	58	RESPONSE
714.872233	2	58	RESPONSE
715.136326	2	58	RESPONSE
715.328344	2	58	RESPONSE
715.505384	2	58	TRIAL_END
715.506172	2	58	MISS
715.760448	2	59	IET R
723.511532	3	59	TRIAL_START
733.514338	3	59	TRIAL_END
