time	bloc	trial	event
-0.152934	1	1	TRIAL_START
5.862579	1	1	TRIAL_END
6.869038	1	2	TRIAL_START
73.451445	1	2	TRIAL_END
74.539493	1	3	TRIAL_START
77.348448	1	3	RESPONSE
77.789281	1	3	CONSEQUENCE
77.790168	1	3	RESPONSE
77.908513	1	3	RESPONSE
78.188421	1	3	RESPONSE
78.404432	1	3	RESPONSE
78.652469	1	3	RESPONSE
78.652744	1	3	CONSEQUENCE
78.956454	1	3	RESPONSE
79.236484	1	3	RESPONSE
79.612450	1	3	RESPONSE
79.612737	1	3	CONSEQUENCE
87.428458	1	3	RESPONSE
87.428718	1	3	CONSEQUENCE
88.156446	1	3	RESPONSE
89.036437	1	3	RESPONSE
89.036794	1	3	CONSEQUENCE
90.332443	1	3	RESPONSE
90.332698	1	3	CONSEQUENCE
90.788517	1	3	RESPONSE
91.348477	1	3	RESPONSE
91.348750	1	3	CONSEQUENCE
91.884507	1	3	RESPONSE
92.604437	1	3	RESPONSE
92.604690	1	3	CONSEQUENCE
93.868435	1	3	RESPONSE
93.868704	1	3	CONSEQUENCE
94.924445	1	3	RESPONSE
94.924706	1	3	CONSEQUENCE
95.220445	1	3	RESPONSE
95.412536	1	3	RESPONSE
95.588446	1	3	RESPONSE
95.772452	1	3	RESPONSE
95.772786	1	3	CONSEQUENCE
95.980477	1	3	RESPONSE
96.148508	1	3	RESPONSE
96.348458	1	3	RESPONSE
96.540534	1	3	RESPONSE
96.764450	1	3	RESPONSE
96.764714	1	3	CONSEQUENCE
97.020444	1	3	RESPONSE
97.260428	1	3	RESPONSE
97.492456	1	3	RESPONSE
97.724610	1	3	RESPONSE
97.724979	1	3	CONSEQUENCE
97.956447	1	3	RESPONSE
98.204456	1	3	RESPONSE
98.444580	1	3	RESPONSE
98.692438	1	3	RESPONSE
98.692712	1	3	CONSEQUENCE
98.916457	1	3	RESPONSE
99.156503	1	3	RESPONSE
99.388488	1	3	RESPONSE
99.612522	1	3	RESPONSE
99.612854	1	3	CONSEQUENCE
99.836450	1	3	RESPONSE
100.084441	1	3	RESPONSE
100.316441	1	3	RESPONSE
100.532431	1	3	RESPONSE
100.532678	1	3	CONSEQUENCE
100.764599	1	3	RESPONSE
100.996450	1	3	RESPONSE
101.220480	1	3	RESPONSE
101.428461	1	3	RESPONSE
101.428736	1	3	CONSEQUENCE
101.604542	1	3	RESPONSE
101.828453	1	3	RESPONSE
102.036443	1	3	RESPONSE
102.236436	1	3	RESPONSE
102.236691	1	3	CONSEQUENCE
102.452467	1	3	RESPONSE
102.668552	1	3	RESPONSE
102.892454	1	3	RESPONSE
103.116422	1	3	RESPONSE
103.116719	1	3	CONSEQUENCE
103.348436	1	3	RESPONSE
103.572477	1	3	RESPONSE
103.796450	1	3	RESPONSE
103.996444	1	3	RESPONSE
103.996690	1	3	CONSEQUENCE
104.220518	1	3	RESPONSE
104.452456	1	3	RESPONSE
104.540014	1	3	TRIAL_END
104.684454	1	4	IET R
104.900548	1	4	IET R
105.545153	1	4	TRIAL_START
115.558041	1	4	TRIAL_END
116.568712	2	5	TRIAL_START
120.578043	2	5	TRIAL_END
120.578615	2	5	HIT
128.588027	2	6	TRIAL_START
129.548424	2	6	RESPONSE
129.852423	2	6	RESPONSE
130.140430	2	6	RESPONSE
130.452448	2	6	RESPONSE
130.724445	2	6	RESPONSE
131.012432	2	6	RESPONSE
131.316428	2	6	RESPONSE
131.604449	2	6	RESPONSE
131.908427	2	6	RESPONSE
132.196426	2	6	RESPONSE
132.484425	2	6	RESPONSE
132.589058	2	6	TRIAL_END
132.589557	2	6	MISS
132.796544	2	7	IET R
133.076593	2	7	IET R
140.606765	2	7	TRIAL_START
141.964426	2	7	RESPONSE
142.260419	2	7	RESPONSE
142.532434	2	7	RESPONSE
144.607430	2	7	TRIAL_END
144.608283	2	7	CONSEQUENCE
144.608498	2	7	HIT
152.636990	2	8	TRIAL_START
154.356452	2	8	RESPONSE
154.668448	2	8	RESPONSE
154.924521	2	8	RESPONSE
155.236425	2	8	RESPONSE
155.548454	2	8	RESPONSE
155.788429	2	8	RESPONSE
156.084514	2	8	RESPONSE
156.364442	2	8	RESPONSE
156.637773	2	8	TRIAL_END
156.638794	2	8	MISS
156.684489	2	9	IET R
164.653050	2	9	TRIAL_START
167.044431	2	9	RESPONSE
168.654050	2	9	TRIAL_END
168.654826	2	9	MISS
176.680141	2	10	TRIAL_START
178.380439	2	10	RESPONSE
178.692446	2	10	RESPONSE
178.996441	2	10	RESPONSE
179.308435	2	10	RESPONSE
179.612439	2	10	RESPONSE
179.924426	2	10	RESPONSE
180.228444	2	10	RESPONSE
180.556446	2	10	RESPONSE
180.681182	2	10	TRIAL_END
180.682639	2	10	CONSEQUENCE
180.682821	2	10	HIT
180.860526	2	11	IET R
188.691800	2	11	TRIAL_START
190.676443	2	11	RESPONSE
190.948724	2	11	RESPONSE
191.196511	2	11	RESPONSE
191.476426	2	11	RESPONSE
191.740445	2	11	RESPONSE
192.020442	2	11	RESPONSE
192.284432	2	11	RESPONSE
192.580594	2	11	RESPONSE
192.693290	2	11	TRIAL_END
192.693917	2	11	CONSEQUENCE
192.694075	2	11	HIT
192.860476	2	12	IET R
200.715575	2	12	TRIAL_START
202.228444	2	12	RESPONSE
202.492427	2	12	RESPONSE
202.740529	2	12	RESPONSE
203.012494	2	12	RESPONSE
203.268468	2	12	RESPONSE
203.516504	2	12	RESPONSE
203.764549	2	12	RESPONSE
204.036488	2	12	RESPONSE
204.276584	2	12	RESPONSE
204.564445	2	12	RESPONSE
204.717332	2	12	TRIAL_END
204.717824	2	12	CONSEQUENCE
204.717935	2	12	HIT
212.748158	2	13	TRIAL_START
215.260449	2	13	RESPONSE
215.572434	2	13	RESPONSE
215.868458	2	13	RESPONSE
216.156440	2	13	RESPONSE
216.420442	2	13	RESPONSE
216.708513	2	13	RESPONSE
216.748882	2	13	TRIAL_END
216.749666	2	13	CONSEQUENCE
216.749835	2	13	HIT
216.996432	2	14	IET R
224.761107	2	14	TRIAL_START
228.762044	2	14	TRIAL_END
228.762799	2	14	HIT
236.787326	2	15	TRIAL_START
237.868463	2	15	RESPONSE
238.140461	2	15	RESPONSE
238.364461	2	15	RESPONSE
238.612554	2	15	RESPONSE
238.868622	2	15	RESPONSE
239.132791	2	15	RESPONSE
239.388439	2	15	RESPONSE
239.652563	2	15	RESPONSE
239.908454	2	15	RESPONSE
240.236452	2	15	RESPONSE
240.780463	2	15	RESPONSE
240.787627	2	15	TRIAL_END
240.788116	2	15	CONSEQUENCE
240.788225	2	15	HIT
248.799103	2	16	TRIAL_START
252.801265	2	16	TRIAL_END
252.801760	2	16	HIT
260.809515	2	17	TRIAL_START
264.818037	2	17	TRIAL_END
264.818788	2	17	HIT
272.848526	2	18	TRIAL_START
276.867566	2	18	TRIAL_END
276.868047	2	18	HIT
284.879609	2	19	TRIAL_START
286.852541	2	19	RESPONSE
287.140549	2	19	RESPONSE
287.420475	2	19	RESPONSE
287.700555	2	19	RESPONSE
287.972582	2	19	RESPONSE
288.236655	2	19	RESPONSE
288.532502	2	19	RESPONSE
288.788511	2	19	RESPONSE
288.881104	2	19	TRIAL_END
288.881895	2	19	CONSEQUENCE
288.882094	2	19	HIT
289.068470	2	20	IET R
289.316506	2	20	IET R
296.907572	2	20	TRIAL_START
300.921830	2	20	TRIAL_END
300.922600	2	20	HIT
308.931420	2	21	TRIAL_START
310.260535	2	21	RESPONSE
310.500488	2	21	RESPONSE
310.740508	2	21	RESPONSE
310.988471	2	21	RESPONSE
311.212533	2	21	RESPONSE
311.460507	2	21	RESPONSE
311.684549	2	21	RESPONSE
311.964509	2	21	RESPONSE
312.196508	2	21	RESPONSE
312.516503	2	21	RESPONSE
312.764507	2	21	RESPONSE
312.932353	2	21	TRIAL_END
312.932987	2	21	CONSEQUENCE
312.933169	2	21	HIT
313.052477	2	22	IET R
320.953011	2	22	TRIAL_START
322.204514	2	22	RESPONSE
322.444582	2	22	RESPONSE
322.684500	2	22	RESPONSE
322.940526	2	22	RESPONSE
323.180528	2	22	RESPONSE
323.428507	2	22	RESPONSE
323.676500	2	22	RESPONSE
323.940543	2	22	RESPONSE
324.180488	2	22	RESPONSE
324.428496	2	22	RESPONSE
324.668496	2	22	RESPONSE
324.924497	2	22	RESPONSE
324.953755	2	22	TRIAL_END
324.954539	2	22	CONSEQUENCE
324.954712	2	22	HIT
325.188522	2	23	IET R
332.984180	2	23	TRIAL_START
336.988173	2	23	TRIAL_END
336.988678	2	23	HIT
345.003922	2	24	TRIAL_START
345.868537	2	24	RESPONSE
346.148614	2	24	RESPONSE
346.372543	2	24	RESPONSE
346.636533	2	24	RESPONSE
346.868543	2	24	RESPONSE
347.172616	2	24	RESPONSE
347.420519	2	24	RESPONSE
347.700525	2	24	RESPONSE
347.980501	2	24	RESPONSE
348.244529	2	24	RESPONSE
348.492562	2	24	RESPONSE
348.764662	2	24	RESPONSE
349.006061	2	24	TRIAL_END
349.006616	2	24	CONSEQUENCE
349.006771	2	24	HIT
357.032714	2	25	TRIAL_START
358.636534	2	25	RESPONSE
358.884531	2	25	RESPONSE
359.116550	2	25	RESPONSE
359.356570	2	25	RESPONSE
359.612551	2	25	RESPONSE
359.876562	2	25	RESPONSE
360.116585	2	25	RESPONSE
360.364544	2	25	RESPONSE
360.604545	2	25	RESPONSE
360.860629	2	25	RESPONSE
361.033771	2	25	TRIAL_END
361.034748	2	25	CONSEQUENCE
361.034915	2	25	HIT
361.108589	2	26	IET R
361.308578	2	26	IET R
369.043812	2	26	TRIAL_START
373.051803	2	26	TRIAL_END
373.052729	2	26	HIT
381.072161	2	27	TRIAL_START
383.132650	2	27	RESPONSE
383.364687	2	27	RESPONSE
383.580549	2	27	RESPONSE
383.820597	2	27	RESPONSE
384.052586	2	27	RESPONSE
384.284633	2	27	RESPONSE
384.500554	2	27	RESPONSE
384.740565	2	27	RESPONSE
384.956561	2	27	RESPONSE
385.072833	2	27	TRIAL_END
385.073384	2	27	CONSEQUENCE
385.073508	2	27	HIT
385.172564	2	28	IET R
385.372765	2	28	IET R
393.103917	2	28	TRIAL_START
394.596571	2	28	RESPONSE
394.884686	2	28	RESPONSE
395.124665	2	28	RESPONSE
395.380613	2	28	RESPONSE
395.588537	2	28	RESPONSE
395.828800	2	28	RESPONSE
396.060588	2	28	RESPONSE
396.308589	2	28	RESPONSE
396.556579	2	28	RESPONSE
396.796668	2	28	RESPONSE
397.044561	2	28	RESPONSE
397.104989	2	28	TRIAL_END
397.105716	2	28	CONSEQUENCE
397.105882	2	28	HIT
397.308557	2	29	IET R
405.119383	2	29	TRIAL_START
406.860586	2	29	RESPONSE
407.124596	2	29	RESPONSE
407.380577	2	29	RESPONSE
407.628892	2	29	RESPONSE
407.884599	2	29	RESPONSE
408.140652	2	29	RESPONSE
408.404596	2	29	RESPONSE
408.660568	2	29	RESPONSE
408.916685	2	29	RESPONSE
409.120543	2	29	TRIAL_END
409.121038	2	29	CONSEQUENCE
409.121146	2	29	HIT
409.236570	2	30	IET R
417.146732	2	30	TRIAL_START
421.161480	2	30	TRIAL_END
421.161979	2	30	HIT
429.173199	2	31	TRIAL_START
433.174569	2	31	TRIAL_END
433.175294	2	31	HIT
441.196584	2	32	TRIAL_START
442.188683	2	32	RESPONSE
442.436726	2	32	RESPONSE
442.668632	2	32	RESPONSE
442.908621	2	32	RESPONSE
443.156634	2	32	RESPONSE
443.428672	2	32	RESPONSE
443.652727	2	32	RESPONSE
443.916625	2	32	RESPONSE
444.148627	2	32	RESPONSE
444.404688	2	32	RESPONSE
444.652604	2	32	RESPONSE
444.940620	2	32	RESPONSE
445.198022	2	32	TRIAL_END
445.198786	2	32	CONSEQUENCE
445.198963	2	32	HIT
453.228315	2	33	TRIAL_START
457.247930	2	33	TRIAL_END
457.248683	2	33	HIT
465.264128	2	34	TRIAL_START
467.341140	2	34	RESPONSE
467.604660	2	34	RESPONSE
467.820667	2	34	RESPONSE
468.036650	2	34	RESPONSE
468.252652	2	34	RESPONSE
468.460739	2	34	RESPONSE
468.684668	2	34	RESPONSE
468.900734	2	34	RESPONSE
469.132653	2	34	RESPONSE
469.264636	2	34	TRIAL_END
469.265228	2	34	CONSEQUENCE
469.265337	2	34	HIT
469.332660	2	35	IET R
477.292638	2	35	TRIAL_START
481.306025	2	35	TRIAL_END
481.306547	2	35	HIT
489.315181	2	36	TRIAL_START
493.334047	2	36	TRIAL_END
493.334551	2	36	HIT
501.356014	2	37	TRIAL_START
502.508689	2	37	RESPONSE
502.740690	2	37	RESPONSE
502.948721	2	37	RESPONSE
503.188767	2	37	RESPONSE
503.428707	2	37	RESPONSE
503.652872	2	37	RESPONSE
503.876821	2	37	RESPONSE
504.116704	2	37	RESPONSE
504.356719	2	37	RESPONSE
504.580739	2	37	RESPONSE
504.796756	2	37	RESPONSE
505.028803	2	37	RESPONSE
505.220725	2	37	RESPONSE
505.357579	2	37	TRIAL_END
505.358102	2	37	CONSEQUENCE
505.358213	2	37	HIT
505.468835	2	38	IET R
513.383024	2	38	TRIAL_START
514.436804	2	38	RESPONSE
514.668733	2	38	RESPONSE
514.884813	2	38	RESPONSE
515.124735	2	38	RESPONSE
515.356729	2	38	RESPONSE
515.588713	2	38	RESPONSE
515.804776	2	38	RESPONSE
516.036783	2	38	RESPONSE
516.292719	2	38	RESPONSE
516.460720	2	38	RESPONSE
516.692759	2	38	RESPONSE
516.972718	2	38	RESPONSE
517.196744	2	38	RESPONSE
517.383897	2	38	TRIAL_END
517.384646	2	38	CONSEQUENCE
517.384800	2	38	HIT
517.452856	2	39	IET R
517.668759	2	39	IET R
525.394417	2	39	TRIAL_START
529.396600	2	39	TRIAL_END
529.397284	2	39	HIT
537.418144	2	40	TRIAL_START
541.430066	2	40	TRIAL_END
541.431880	2	40	HIT
549.440644	2	41	TRIAL_START
553.446054	2	41	TRIAL_END
553.446553	2	41	HIT
561.480849	2	42	TRIAL_START
563.308837	2	42	RESPONSE
563.564806	2	42	RESPONSE
563.836772	2	42	RESPONSE
564.060892	2	42	RESPONSE
564.292802	2	42	RESPONSE
564.556810	2	42	RESPONSE
564.780800	2	42	RESPONSE
565.004793	2	42	RESPONSE
565.236798	2	42	RESPONSE
565.476797	2	42	RESPONSE
565.480935	2	42	TRIAL_END
565.481418	2	42	CONSEQUENCE
565.481535	2	42	HIT
565.716780	2	43	IET R
573.494173	2	43	TRIAL_START
577.498729	2	43	TRIAL_END
577.499225	2	43	HIT
585.515464	2	44	TRIAL_START
589.518059	2	44	TRIAL_END
589.518742	2	44	HIT
597.527938	2	45	TRIAL_START
598.612837	2	45	RESPONSE
598.868835	2	45	RESPONSE
599.101004	2	45	RESPONSE
599.332920	2	45	RESPONSE
599.588844	2	45	RESPONSE
599.820851	2	45	RESPONSE
600.068842	2	45	RESPONSE
600.300844	2	45	RESPONSE
600.532891	2	45	RESPONSE
600.797510	2	45	RESPONSE
601.028840	2	45	RESPONSE
601.236924	2	45	RESPONSE
601.476956	2	45	RESPONSE
601.528342	2	45	TRIAL_END
601.528951	2	45	CONSEQUENCE
601.529060	2	45	HIT
601.732899	2	46	IET R
609.540796	2	46	TRIAL_START
613.541288	2	46	TRIAL_END
613.542151	2	46	HIT
621.563764	2	47	TRIAL_START
622.900891	2	47	RESPONSE
623.116887	2	47	RESPONSE
623.356884	2	47	RESPONSE
623.596896	2	47	RESPONSE
623.836894	2	47	RESPONSE
624.084963	2	47	RESPONSE
624.317016	2	47	RESPONSE
624.548949	2	47	RESPONSE
624.804935	2	47	RESPONSE
625.044880	2	47	RESPONSE
625.260904	2	47	RESPONSE
625.508937	2	47	RESPONSE
625.564362	2	47	TRIAL_END
625.564886	2	47	CONSEQUENCE
625.565000	2	47	HIT
625.724859	2	48	IET R
625.932881	2	48	IET R
633.572865	2	48	TRIAL_START
637.590063	2	48	TRIAL_END
637.591030	2	48	HIT
645.608262	2	49	TRIAL_START
649.610051	2	49	TRIAL_END
649.610549	2	49	HIT
657.638996	2	50	TRIAL_START
658.652994	2	50	RESPONSE
658.892990	2	50	RESPONSE
659.124968	2	50	RESPONSE
659.364950	2	50	RESPONSE
659.596991	2	50	RESPONSE
659.828955	2	50	RESPONSE
660.060993	2	50	RESPONSE
660.292955	2	50	RESPONSE
660.533055	2	50	RESPONSE
660.780965	2	50	RESPONSE
661.044922	2	50	RESPONSE
661.332944	2	50	RESPONSE
661.581045	2	50	RESPONSE
661.639467	2	50	TRIAL_END
661.639994	2	50	CONSEQUENCE
661.640108	2	50	HIT
661.829016	2	51	IET R
669.653217	2	51	TRIAL_START
673.654324	2	51	TRIAL_END
673.655196	2	51	HIT
681.673385	2	52	TRIAL_START
682.637071	2	52	RESPONSE
682.877065	2	52	RESPONSE
683.109071	2	52	RESPONSE
683.325289	2	52	RESPONSE
683.564987	2	52	RESPONSE
683.797100	2	52	RESPONSE
684.029048	2	52	RESPONSE
684.285043	2	52	RESPONSE
684.525021	2	52	RESPONSE
684.781024	2	52	RESPONSE
685.029191	2	52	RESPONSE
685.268983	2	52	RESPONSE
685.493125	2	52	RESPONSE
685.675238	2	52	TRIAL_END
685.675750	2	52	CONSEQUENCE
685.675868	2	52	HIT
693.684488	2	53	TRIAL_START
695.269042	2	53	RESPONSE
695.477106	2	53	RESPONSE
695.701029	2	53	RESPONSE
695.932998	2	53	RESPONSE
696.149052	2	53	RESPONSE
696.389019	2	53	RESPONSE
696.637322	2	53	RESPONSE
696.901121	2	53	RESPONSE
697.125013	2	53	RESPONSE
697.357023	2	53	RESPONSE
697.581064	2	53	RESPONSE
697.685708	2	53	TRIAL_END
697.686329	2	53	CONSEQUENCE
697.686449	2	53	HIT
697.829032	2	54	IET R
705.703685	2	54	TRIAL_START
706.757064	2	54	RESPONSE
706.965078	2	54	RESPONSE
707.165021	2	54	RESPONSE
707.365102	2	54	RESPONSE
707.589016	2	54	RESPONSE
707.813050	2	54	RESPONSE
708.029065	2	54	RESPONSE
708.245037	2	54	RESPONSE
708.469027	2	54	RESPONSE
708.709047	2	54	RESPONSE
708.933137	2	54	RESPONSE
709.157018	2	54	RESPONSE
709.389025	2	54	RESPONSE
709.621316	2	54	RESPONSE
709.705031	2	54	TRIAL_END
709.705879	2	54	CONSEQUENCE
709.706110	2	54	HIT
709.877030	2	55	IET R
717.732975	2	55	TRIAL_START
718.749046	2	55	RESPONSE
718.989052	2	55	RESPONSE
719.237083	2	55	RESPONSE
719.477109	2	55	RESPONSE
719.725050	2	55	RESPONSE
719.973041	2	55	RESPONSE
720.229038	2	55	RESPONSE
720.469051	2	55	RESPONSE
720.717058	2	55	RESPONSE
720.965108	2	55	RESPONSE
721.229052	2	55	RESPONSE
721.477136	2	55	RESPONSE
721.734033	2	55	TRIAL_END
721.734807	2	55	CONSEQUENCE
721.734982	2	55	HIT
729.747053	2	56	TRIAL_START
733.748253	2	56	TRIAL_END
733.749048	2	56	HIT
741.772784	2	57	TRIAL_START
745.780404	2	57	TRIAL_END
745.782333	2	57	HIT
753.789883	2	58	TRIAL_START
755.781116	2	58	RESPONSE
756.021131	2	58	RESPONSE
756.269120	2	58	RESPONSE
756.493107	2	58	RESPONSE
756.733135	2	58	RESPONSE
756.965153	2	58	RESPONSE
757.197162	2	58	RESPONSE
757.453128	2	58	RESPONSE
757.709214	2	58	RESPONSE
757.790764	2	58	TRIAL_END
757.791685	2	58	CONSEQUENCE
757.791856	2	58	HIT
757.949132	2	59	IET R
758.197156	2	59	IET R
765.815896	3	59	TRIAL_START
775.823376	3	59	TRIAL_END
