time	bloc	trial	event
0.027895	1	1	TRIAL_START
6.040347	1	1	TRIAL_END
7.043663	1	2	TRIAL_START
83.228961	1	2	TRIAL_END
84.300951	1	3	TRIAL_START
86.589123	1	3	RESPONSE
86.590711	1	3	CONSEQUENCE
86.813140	1	3	RESPONSE
87.077122	1	3	RESPONSE
87.357104	1	3	RESPONSE
87.581118	1	3	RESPONSE
87.581359	1	3	CONSEQUENCE
91.853295	1	3	RESPONSE
91.853567	1	3	CONSEQUENCE
92.157125	1	3	RESPONSE
95.301117	1	3	RESPONSE
95.301449	1	3	CONSEQUENCE
95.493333	1	3	RESPONSE
95.677115	1	3	RESPONSE
95.845137	1	3	RESPONSE
96.093140	1	3	RESPONSE
96.293172	1	3	RESPONSE
96.293411	1	3	CONSEQUENCE
96.469124	1	3	RESPONSE
96.661127	1	3	RESPONSE
96.869123	1	3	RESPONSE
97.045161	1	3	RESPONSE
97.237195	1	3	RESPONSE
97.237538	1	3	CONSEQUENCE
97.445130	1	3	RESPONSE
97.645109	1	3	RESPONSE
97.845209	1	3	RESPONSE
98.053147	1	3	RESPONSE
98.053435	1	3	CONSEQUENCE
98.237193	1	3	RESPONSE
98.437119	1	3	RESPONSE
98.645140	1	3	RESPONSE
98.853206	1	3	RESPONSE
98.853563	1	3	CONSEQUENCE
99.061179	1	3	RESPONSE
99.285112	1	3	RESPONSE
99.525125	1	3	RESPONSE
99.741183	1	3	RESPONSE
99.741481	1	3	CONSEQUENCE
99.965189	1	3	RESPONSE
100.173124	1	3	RESPONSE
100.341126	1	3	RESPONSE
100.541124	1	3	RESPONSE
100.757188	1	3	RESPONSE
100.757453	1	3	CONSEQUENCE
100.973137	1	3	RESPONSE
101.181171	1	3	RESPONSE
101.389156	1	3	RESPONSE
101.581185	1	3	RESPONSE
101.581548	1	3	CONSEQUENCE
101.765135	1	3	RESPONSE
101.965128	1	3	RESPONSE
102.189130	1	3	RESPONSE
102.397196	1	3	RESPONSE
102.397507	1	3	CONSEQUENCE
102.613144	1	3	RESPONSE
104.981117	1	3	RESPONSE
104.981372	1	3	CONSEQUENCE
105.253115	1	3	RESPONSE
106.501241	1	3	RESPONSE
106.501954	1	3	CONSEQUENCE
106.805181	1	3	RESPONSE
107.005186	1	3	RESPONSE
107.237128	1	3	RESPONSE
107.453115	1	3	RESPONSE
107.453405	1	3	CONSEQUENCE
107.653217	1	3	RESPONSE
107.853134	1	3	RESPONSE
108.069200	1	3	RESPONSE
109.533134	1	3	RESPONSE
109.533544	1	3	CONSEQUENCE
109.741124	1	3	RESPONSE
114.304687	1	3	TRIAL_END
115.311226	1	4	TRIAL_START
125.316340	1	4	TRIAL_END
126.327787	2	5	TRIAL_START
127.389126	2	5	RESPONSE
127.757131	2	5	RESPONSE
130.336493	2	5	TRIAL_END
130.337256	2	5	MISS
131.437128	2	6	IET R
131.685193	2	6	IET R
131.941195	2	6	IET R
138.360797	2	6	TRIAL_START
139.061265	2	6	RESPONSE
139.349109	2	6	RESPONSE
142.376273	2	6	TRIAL_END
142.377089	2	6	MISS
150.389586	2	7	TRIAL_START
154.392831	2	7	TRIAL_END
154.393598	2	7	MISS
155.309138	2	8	IET R
155.661129	2	8	IET R
157.005178	2	8	IET R
162.400383	2	8	TRIAL_START
162.957168	2	8	RESPONSE
163.365197	2	8	RESPONSE
163.685131	2	8	RESPONSE
166.412362	2	8	TRIAL_END
166.413147	2	8	CONSEQUENCE
166.413327	2	8	HIT
167.053159	2	9	IET R
167.821192	2	9	IET R
168.541153	2	9	IET R
168.949177	2	9	IET R
169.277143	2	9	IET R
171.005166	2	9	IET R
171.229145	2	9	IET R
173.469215	2	9	IET R
173.677166	2	9	IET R
174.421799	2	9	TRIAL_START
175.365157	2	9	RESPONSE
175.581175	2	9	RESPONSE
175.789127	2	9	RESPONSE
175.981165	2	9	RESPONSE
176.149137	2	9	RESPONSE
176.317160	2	9	RESPONSE
176.517167	2	9	RESPONSE
176.757136	2	9	RESPONSE
176.941162	2	9	RESPONSE
177.109138	2	9	RESPONSE
177.277150	2	9	RESPONSE
177.461191	2	9	RESPONSE
177.701203	2	9	RESPONSE
177.885205	2	9	RESPONSE
178.069139	2	9	RESPONSE
178.261154	2	9	RESPONSE
178.422449	2	9	TRIAL_END
178.423234	2	9	CONSEQUENCE
178.423401	2	9	HIT
178.493129	2	10	IET R
178.661135	2	10	IET R
186.433969	2	10	TRIAL_START
186.949172	2	10	RESPONSE
187.149277	2	10	RESPONSE
187.309136	2	10	RESPONSE
187.461149	2	10	RESPONSE
187.621183	2	10	RESPONSE
187.765180	2	10	RESPONSE
187.917154	2	10	RESPONSE
188.069179	2	10	RESPONSE
188.213165	2	10	RESPONSE
188.365154	2	10	RESPONSE
188.533139	2	10	RESPONSE
188.693142	2	10	RESPONSE
188.853190	2	10	RESPONSE
189.021178	2	10	RESPONSE
189.189231	2	10	RESPONSE
189.357241	2	10	RESPONSE
189.533153	2	10	RESPONSE
189.701161	2	10	RESPONSE
189.877161	2	10	RESPONSE
190.053142	2	10	RESPONSE
190.221142	2	10	RESPONSE
190.397140	2	10	RESPONSE
190.434424	2	10	TRIAL_END
190.434983	2	10	MISS
190.557160	2	11	IET R
190.693148	2	11	IET R
195.365149	2	11	IET R
196.341156	2	11	IET R
196.509181	2	11	IET R
196.645163	2	11	IET R
196.781153	2	11	IET R
196.949168	2	11	IET R
197.133173	2	11	IET R
197.397146	2	11	IET R
197.773159	2	11	IET R
198.441838	2	11	TRIAL_START
199.197146	2	11	RESPONSE
199.429198	2	11	RESPONSE
199.909156	2	11	RESPONSE
200.085157	2	11	RESPONSE
200.269215	2	11	RESPONSE
200.485137	2	11	RESPONSE
200.677434	2	11	RESPONSE
200.877295	2	11	RESPONSE
201.069151	2	11	RESPONSE
201.253196	2	11	RESPONSE
201.477289	2	11	RESPONSE
201.685155	2	11	RESPONSE
201.861177	2	11	RESPONSE
202.445196	2	11	TRIAL_END
202.446141	2	11	CONSEQUENCE
202.446301	2	11	HIT
202.629216	2	12	IET R
210.455140	2	12	TRIAL_START
211.157155	2	12	RESPONSE
211.365164	2	12	RESPONSE
211.557190	2	12	RESPONSE
211.757202	2	12	RESPONSE
211.981150	2	12	RESPONSE
212.213131	2	12	RESPONSE
212.533203	2	12	RESPONSE
212.749152	2	12	RESPONSE
212.933153	2	12	RESPONSE
213.125161	2	12	RESPONSE
213.381187	2	12	RESPONSE
213.589186	2	12	RESPONSE
213.797164	2	12	RESPONSE
214.029224	2	12	RESPONSE
214.253147	2	12	RESPONSE
214.453142	2	12	RESPONSE
214.455291	2	12	TRIAL_END
214.456026	2	12	CONSEQUENCE
214.456195	2	12	HIT
214.645174	2	13	IET R
222.480690	2	13	TRIAL_START
225.365157	2	13	RESPONSE
226.486841	2	13	TRIAL_END
226.487357	2	13	MISS
234.498646	2	14	TRIAL_START
236.133177	2	14	RESPONSE
236.533186	2	14	RESPONSE
236.765223	2	14	RESPONSE
237.061170	2	14	RESPONSE
237.269174	2	14	RESPONSE
237.461177	2	14	RESPONSE
237.645209	2	14	RESPONSE
238.093280	2	14	RESPONSE
238.309201	2	14	RESPONSE
238.499209	2	14	TRIAL_END
238.499989	2	14	MISS
238.549200	2	15	IET R
238.821228	2	15	IET R
246.522722	2	15	TRIAL_START
250.531163	2	15	TRIAL_END
250.531759	2	15	HIT
250.637258	2	16	IET R
250.813181	2	16	IET R
258.561214	2	16	TRIAL_START
260.093227	2	16	RESPONSE
260.477205	2	16	RESPONSE
260.885183	2	16	RESPONSE
261.077181	2	16	RESPONSE
261.237230	2	16	RESPONSE
261.357190	2	16	RESPONSE
261.501219	2	16	RESPONSE
261.669186	2	16	RESPONSE
261.837156	2	16	RESPONSE
262.013188	2	16	RESPONSE
262.213179	2	16	RESPONSE
262.413210	2	16	RESPONSE
262.562074	2	16	TRIAL_END
262.562612	2	16	MISS
262.597197	2	17	IET R
262.789182	2	17	IET R
270.578192	2	17	TRIAL_START
274.582658	2	17	TRIAL_END
274.583185	2	17	MISS
282.609777	2	18	TRIAL_START
284.325224	2	18	RESPONSE
284.901190	2	18	RESPONSE
285.341196	2	18	RESPONSE
285.525188	2	18	RESPONSE
285.725193	2	18	RESPONSE
285.917209	2	18	RESPONSE
286.141225	2	18	RESPONSE
286.453268	2	18	RESPONSE
286.610507	2	18	TRIAL_END
286.611221	2	18	MISS
286.749220	2	19	IET R
287.101297	2	19	IET R
294.621394	2	19	TRIAL_START
295.405230	2	19	RESPONSE
295.693367	2	19	RESPONSE
295.965255	2	19	RESPONSE
296.237218	2	19	RESPONSE
296.717259	2	19	RESPONSE
297.381242	2	19	RESPONSE
297.677290	2	19	RESPONSE
298.077281	2	19	RESPONSE
298.622424	2	19	TRIAL_END
298.623207	2	19	CONSEQUENCE
298.623363	2	19	HIT
298.709211	2	20	IET R
306.643590	2	20	TRIAL_START
307.797322	2	20	RESPONSE
308.557234	2	20	RESPONSE
308.981297	2	20	RESPONSE
309.397227	2	20	RESPONSE
309.805228	2	20	RESPONSE
310.309302	2	20	RESPONSE
310.565270	2	20	RESPONSE
310.644763	2	20	TRIAL_END
310.645431	2	20	CONSEQUENCE
310.645552	2	20	HIT
310.789267	2	21	IET R
318.663316	2	21	TRIAL_START
319.885351	2	21	RESPONSE
320.149230	2	21	RESPONSE
320.453274	2	21	RESPONSE
320.813293	2	21	RESPONSE
321.165340	2	21	RESPONSE
321.397244	2	21	RESPONSE
321.653300	2	21	RESPONSE
321.909257	2	21	RESPONSE
322.221243	2	21	RESPONSE
322.445305	2	21	RESPONSE
322.664599	2	21	TRIAL_END
322.665425	2	21	MISS
322.701237	2	22	IET R
330.675619	2	22	TRIAL_START
331.949276	2	22	RESPONSE
332.405268	2	22	RESPONSE
332.821294	2	22	RESPONSE
333.213315	2	22	RESPONSE
333.645248	2	22	RESPONSE
334.149293	2	22	RESPONSE
334.629241	2	22	RESPONSE
334.676589	2	22	TRIAL_END
334.677576	2	22	MISS
342.701226	2	23	TRIAL_START
346.715874	2	23	TRIAL_END
346.716659	2	23	MISS
354.726403	2	24	TRIAL_START
356.045366	2	24	RESPONSE
358.729826	2	24	TRIAL_END
358.730424	2	24	CONSEQUENCE
358.730537	2	24	HIT
366.740709	2	25	TRIAL_START
368.261305	2	25	RESPONSE
368.453315	2	25	RESPONSE
368.613278	2	25	RESPONSE
368.773312	2	25	RESPONSE
368.917299	2	25	RESPONSE
369.069351	2	25	RESPONSE
369.221282	2	25	RESPONSE
369.357271	2	25	RESPONSE
369.477287	2	25	RESPONSE
369.685298	2	25	RESPONSE
369.885357	2	25	RESPONSE
370.053353	2	25	RESPONSE
370.213365	2	25	RESPONSE
370.373282	2	25	RESPONSE
370.565341	2	25	RESPONSE
370.741246	2	25	TRIAL_END
370.741803	2	25	CONSEQUENCE
370.741926	2	25	HIT
370.773264	2	26	IET R
370.965313	2	26	IET R
378.758690	2	26	TRIAL_START
380.957331	2	26	RESPONSE
382.437406	2	26	RESPONSE
382.645348	2	26	RESPONSE
382.759054	2	26	TRIAL_END
382.759582	2	26	MISS
382.957305	2	27	IET R
390.773815	2	27	TRIAL_START
392.613367	2	27	RESPONSE
392.797330	2	27	RESPONSE
393.085294	2	27	RESPONSE
394.778162	2	27	TRIAL_END
394.778717	2	27	MISS
402.791431	2	28	TRIAL_START
403.701316	2	28	RESPONSE
404.469322	2	28	RESPONSE
404.661393	2	28	RESPONSE
404.829403	2	28	RESPONSE
404.989371	2	28	RESPONSE
405.165315	2	28	RESPONSE
406.800587	2	28	TRIAL_END
406.801225	2	28	MISS
414.809290	2	29	TRIAL_START
415.781333	2	29	RESPONSE
415.949339	2	29	RESPONSE
416.093302	2	29	RESPONSE
416.229327	2	29	RESPONSE
416.381337	2	29	RESPONSE
416.525340	2	29	RESPONSE
416.669344	2	29	RESPONSE
416.813337	2	29	RESPONSE
416.965323	2	29	RESPONSE
417.101372	2	29	RESPONSE
417.245340	2	29	RESPONSE
417.389407	2	29	RESPONSE
417.533347	2	29	RESPONSE
417.677330	2	29	RESPONSE
417.821325	2	29	RESPONSE
417.965361	2	29	RESPONSE
418.117343	2	29	RESPONSE
418.261332	2	29	RESPONSE
418.397341	2	29	RESPONSE
418.541377	2	29	RESPONSE
418.701328	2	29	RESPONSE
418.810484	2	29	TRIAL_END
418.811143	2	29	CONSEQUENCE
418.811257	2	29	HIT
418.853390	2	30	IET R
419.005376	2	30	IET R
419.149367	2	30	IET R
426.831927	2	30	TRIAL_START
430.840336	2	30	TRIAL_END
430.840885	2	30	HIT
438.862625	2	31	TRIAL_START
439.789370	2	31	RESPONSE
439.917433	2	31	RESPONSE
440.189572	2	31	RESPONSE
440.333464	2	31	RESPONSE
440.461411	2	31	RESPONSE
440.589416	2	31	RESPONSE
440.725336	2	31	RESPONSE
440.861347	2	31	RESPONSE
441.005385	2	31	RESPONSE
441.141502	2	31	RESPONSE
441.277419	2	31	RESPONSE
441.405412	2	31	RESPONSE
441.541366	2	31	RESPONSE
441.685417	2	31	RESPONSE
441.821405	2	31	RESPONSE
441.949400	2	31	RESPONSE
442.093513	2	31	RESPONSE
442.237390	2	31	RESPONSE
442.381436	2	31	RESPONSE
442.517370	2	31	RESPONSE
442.661426	2	31	RESPONSE
442.805437	2	31	RESPONSE
442.863846	2	31	TRIAL_END
442.864407	2	31	CONSEQUENCE
442.864518	2	31	HIT
442.941355	2	32	IET R
443.085375	2	32	IET R
443.213387	2	32	IET R
450.879818	2	32	TRIAL_START
454.884106	2	32	TRIAL_END
454.884921	2	32	HIT
462.910813	2	33	TRIAL_START
464.053403	2	33	RESPONSE
464.325427	2	33	RESPONSE
464.469389	2	33	RESPONSE
464.605375	2	33	RESPONSE
464.733391	2	33	RESPONSE
464.845410	2	33	RESPONSE
464.981445	2	33	RESPONSE
465.109573	2	33	RESPONSE
465.253400	2	33	RESPONSE
465.381451	2	33	RESPONSE
465.525388	2	33	RESPONSE
465.645392	2	33	RESPONSE
465.773401	2	33	RESPONSE
465.901387	2	33	RESPONSE
466.045470	2	33	RESPONSE
466.181375	2	33	RESPONSE
466.325436	2	33	RESPONSE
466.453394	2	33	RESPONSE
466.597565	2	33	RESPONSE
466.733516	2	33	RESPONSE
466.869427	2	33	RESPONSE
466.911759	2	33	TRIAL_END
466.912554	2	33	CONSEQUENCE
466.912724	2	33	HIT
466.997668	2	34	IET R
467.125394	2	34	IET R
467.253536	2	34	IET R
474.941305	2	34	TRIAL_START
475.693420	2	34	RESPONSE
475.933448	2	34	RESPONSE
476.061413	2	34	RESPONSE
476.189423	2	34	RESPONSE
476.325464	2	34	RESPONSE
476.445492	2	34	RESPONSE
476.725475	2	34	RESPONSE
476.869464	2	34	RESPONSE
477.013424	2	34	RESPONSE
477.157403	2	34	RESPONSE
477.285398	2	34	RESPONSE
477.429452	2	34	RESPONSE
477.573439	2	34	RESPONSE
477.693410	2	34	RESPONSE
477.837472	2	34	RESPONSE
477.965395	2	34	RESPONSE
478.109436	2	34	RESPONSE
478.237395	2	34	RESPONSE
478.405501	2	34	RESPONSE
478.565412	2	34	RESPONSE
478.709427	2	34	RESPONSE
478.877395	2	34	RESPONSE
478.943055	2	34	TRIAL_END
478.944663	2	34	CONSEQUENCE
478.944778	2	34	HIT
479.037471	2	35	IET R
479.189412	2	35	IET R
479.293419	2	35	IET R
486.965455	2	35	TRIAL_START
487.957424	2	35	RESPONSE
488.077496	2	35	RESPONSE
488.205416	2	35	RESPONSE
488.333444	2	35	RESPONSE
488.469429	2	35	RESPONSE
488.597408	2	35	RESPONSE
488.709416	2	35	RESPONSE
488.829423	2	35	RESPONSE
488.949429	2	35	RESPONSE
489.085430	2	35	RESPONSE
489.213423	2	35	RESPONSE
489.341456	2	35	RESPONSE
489.477434	2	35	RESPONSE
489.621414	2	35	RESPONSE
489.757415	2	35	RESPONSE
489.909418	2	35	RESPONSE
490.029422	2	35	RESPONSE
490.173434	2	35	RESPONSE
490.317446	2	35	RESPONSE
490.461513	2	35	RESPONSE
490.581544	2	35	RESPONSE
490.725539	2	35	RESPONSE
490.869493	2	35	RESPONSE
490.966130	2	35	TRIAL_END
490.966781	2	35	CONSEQUENCE
490.966890	2	35	HIT
491.029421	2	36	IET R
491.173446	2	36	IET R
491.301419	2	36	IET R
498.997526	2	36	TRIAL_START
503.000795	2	36	TRIAL_END
503.001562	2	36	HIT
511.018478	2	37	TRIAL_START
511.829455	2	37	RESPONSE
511.965464	2	37	RESPONSE
512.245568	2	37	RESPONSE
512.381488	2	37	RESPONSE
512.517496	2	37	RESPONSE
512.645520	2	37	RESPONSE
512.765436	2	37	RESPONSE
512.893468	2	37	RESPONSE
513.037435	2	37	RESPONSE
513.181449	2	37	RESPONSE
513.317467	2	37	RESPONSE
513.613470	2	37	RESPONSE
513.781429	2	37	RESPONSE
513.925461	2	37	RESPONSE
514.077476	2	37	RESPONSE
514.213497	2	37	RESPONSE
514.365460	2	37	RESPONSE
514.525484	2	37	RESPONSE
514.669610	2	37	RESPONSE
514.813512	2	37	RESPONSE
514.941446	2	37	RESPONSE
515.019124	2	37	TRIAL_END
515.019741	2	37	CONSEQUENCE
515.019862	2	37	HIT
515.101618	2	38	IET R
515.253453	2	38	IET R
515.389453	2	38	IET R
523.027566	2	38	TRIAL_START
523.557507	2	38	RESPONSE
527.042109	2	38	TRIAL_END
527.042910	2	38	MISS
535.053983	2	39	TRIAL_START
539.072325	2	39	TRIAL_END
539.072848	2	39	HIT
547.084998	2	40	TRIAL_START
551.092336	2	40	TRIAL_END
551.092853	2	40	HIT
559.102117	2	41	TRIAL_START
560.413549	2	41	RESPONSE
560.557528	2	41	RESPONSE
560.685524	2	41	RESPONSE
560.821526	2	41	RESPONSE
560.957534	2	41	RESPONSE
561.093561	2	41	RESPONSE
561.229522	2	41	RESPONSE
561.373543	2	41	RESPONSE
561.509550	2	41	RESPONSE
561.653600	2	41	RESPONSE
561.789591	2	41	RESPONSE
561.933588	2	41	RESPONSE
562.069696	2	41	RESPONSE
562.213524	2	41	RESPONSE
562.365552	2	41	RESPONSE
562.501610	2	41	RESPONSE
562.661527	2	41	RESPONSE
562.781616	2	41	RESPONSE
562.901537	2	41	RESPONSE
563.053667	2	41	RESPONSE
563.103054	2	41	TRIAL_END
563.103612	2	41	CONSEQUENCE
563.103724	2	41	HIT
563.173531	2	42	IET R
563.317642	2	42	IET R
563.469561	2	42	IET R
571.117201	2	42	TRIAL_START
575.122128	2	42	TRIAL_END
575.122901	2	42	HIT
583.144785	2	43	TRIAL_START
584.701745	2	43	RESPONSE
584.837601	2	43	RESPONSE
584.965618	2	43	RESPONSE
585.085614	2	43	RESPONSE
585.221546	2	43	RESPONSE
585.357602	2	43	RESPONSE
585.485580	2	43	RESPONSE
585.621626	2	43	RESPONSE
585.757565	2	43	RESPONSE
585.893526	2	43	RESPONSE
586.029562	2	43	RESPONSE
586.165581	2	43	RESPONSE
586.301571	2	43	RESPONSE
586.453539	2	43	RESPONSE
586.597622	2	43	RESPONSE
586.749555	2	43	RESPONSE
586.901609	2	43	RESPONSE
587.061564	2	43	RESPONSE
587.146107	2	43	TRIAL_END
587.146743	2	43	CONSEQUENCE
587.146861	2	43	HIT
587.213662	2	44	IET R
587.349669	2	44	IET R
587.501565	2	44	IET R
595.158607	2	44	TRIAL_START
596.301609	2	44	RESPONSE
596.493622	2	44	RESPONSE
596.637612	2	44	RESPONSE
596.781580	2	44	RESPONSE
596.917563	2	44	RESPONSE
597.061651	2	44	RESPONSE
597.197603	2	44	RESPONSE
597.357596	2	44	RESPONSE
597.501582	2	44	RESPONSE
597.661576	2	44	RESPONSE
597.805618	2	44	RESPONSE
597.941628	2	44	RESPONSE
598.117646	2	44	RESPONSE
598.261664	2	44	RESPONSE
598.421617	2	44	RESPONSE
598.597639	2	44	RESPONSE
598.749784	2	44	RESPONSE
598.901797	2	44	RESPONSE
599.061597	2	44	RESPONSE
599.159411	2	44	TRIAL_END
599.160163	2	44	CONSEQUENCE
599.160367	2	44	HIT
599.205801	2	45	IET R
599.357604	2	45	IET R
599.525577	2	45	IET R
607.182004	2	45	TRIAL_START
608.453724	2	45	RESPONSE
608.589629	2	45	RESPONSE
608.717597	2	45	RESPONSE
608.845593	2	45	RESPONSE
608.981564	2	45	RESPONSE
609.141607	2	45	RESPONSE
609.277591	2	45	RESPONSE
609.429589	2	45	RESPONSE
609.605837	2	45	RESPONSE
609.765729	2	45	RESPONSE
609.917629	2	45	RESPONSE
610.053635	2	45	RESPONSE
610.237609	2	45	RESPONSE
610.421629	2	45	RESPONSE
610.581637	2	45	RESPONSE
610.733598	2	45	RESPONSE
610.901712	2	45	RESPONSE
611.182626	2	45	TRIAL_END
611.183151	2	45	CONSEQUENCE
611.183259	2	45	HIT
611.196002	2	46	IET R
611.365709	2	46	IET R
611.525594	2	46	IET R
611.685656	2	46	IET R
619.213844	2	46	TRIAL_START
623.232335	2	46	TRIAL_END
623.232952	2	46	HIT
631.242727	2	47	TRIAL_START
635.248487	2	47	TRIAL_END
635.249418	2	47	HIT
643.277011	2	48	TRIAL_START
647.292325	2	48	TRIAL_END
647.292863	2	48	HIT
655.302498	2	49	TRIAL_START
656.797670	2	49	RESPONSE
656.957675	2	49	RESPONSE
657.101698	2	49	RESPONSE
657.229681	2	49	RESPONSE
657.381672	2	49	RESPONSE
657.533671	2	49	RESPONSE
657.661694	2	49	RESPONSE
657.805677	2	49	RESPONSE
657.957676	2	49	RESPONSE
658.077758	2	49	RESPONSE
658.221701	2	49	RESPONSE
658.373764	2	49	RESPONSE
658.517770	2	49	RESPONSE
658.661681	2	49	RESPONSE
658.805676	2	49	RESPONSE
658.933692	2	49	RESPONSE
659.085805	2	49	RESPONSE
659.237725	2	49	RESPONSE
659.303519	2	49	TRIAL_END
659.304373	2	49	CONSEQUENCE
659.304537	2	49	HIT
659.381721	2	50	IET R
659.541688	2	50	IET R
659.709686	2	50	IET R
667.325796	2	50	TRIAL_START
668.349863	2	50	RESPONSE
668.517700	2	50	RESPONSE
668.661690	2	50	RESPONSE
668.813698	2	50	RESPONSE
668.965711	2	50	RESPONSE
669.125709	2	50	RESPONSE
669.269698	2	50	RESPONSE
669.397705	2	50	RESPONSE
669.565695	2	50	RESPONSE
669.757732	2	50	RESPONSE
669.901853	2	50	RESPONSE
670.045700	2	50	RESPONSE
670.205730	2	50	RESPONSE
670.349766	2	50	RESPONSE
670.517747	2	50	RESPONSE
670.677697	2	50	RESPONSE
670.821777	2	50	RESPONSE
670.973701	2	50	RESPONSE
671.133740	2	50	RESPONSE
671.309739	2	50	RESPONSE
671.325942	2	50	TRIAL_END
671.327952	2	50	CONSEQUENCE
671.328066	2	50	HIT
671.509705	2	51	IET R
671.669705	2	51	IET R
679.335021	2	51	TRIAL_START
680.349748	2	51	RESPONSE
680.501786	2	51	RESPONSE
680.629746	2	51	RESPONSE
680.789753	2	51	RESPONSE
680.973750	2	51	RESPONSE
681.125719	2	51	RESPONSE
681.309791	2	51	RESPONSE
681.469723	2	51	RESPONSE
681.621764	2	51	RESPONSE
681.765804	2	51	RESPONSE
681.933715	2	51	RESPONSE
682.117853	2	51	RESPONSE
682.269749	2	51	RESPONSE
682.437786	2	51	RESPONSE
682.605779	2	51	RESPONSE
682.765719	2	51	RESPONSE
682.909783	2	51	RESPONSE
683.093751	2	51	RESPONSE
683.253746	2	51	RESPONSE
683.335361	2	51	TRIAL_END
683.335873	2	51	CONSEQUENCE
683.335983	2	51	HIT
683.413789	2	52	IET R
683.565842	2	52	IET R
683.717720	2	52	IET R
691.351666	2	52	TRIAL_START
695.356340	2	52	TRIAL_END
695.356854	2	52	HIT
703.375955	2	53	TRIAL_START
704.269765	2	53	RESPONSE
707.391626	2	53	TRIAL_END
707.392384	2	53	MISS
715.403052	2	54	TRIAL_START
719.403873	2	54	TRIAL_END
719.404633	2	54	HIT
727.425608	2	55	TRIAL_START
728.685862	2	55	RESPONSE
731.436219	2	55	TRIAL_END
731.437145	2	55	MISS
739.444383	2	56	TRIAL_START
740.861902	2	56	RESPONSE
741.013811	2	56	RESPONSE
741.141811	2	56	RESPONSE
741.269806	2	56	RESPONSE
741.413812	2	56	RESPONSE
741.533861	2	56	RESPONSE
741.669820	2	56	RESPONSE
741.813818	2	56	RESPONSE
741.949821	2	56	RESPONSE
742.117838	2	56	RESPONSE
742.285821	2	56	RESPONSE
742.421948	2	56	RESPONSE
742.573874	2	56	RESPONSE
742.717982	2	56	RESPONSE
742.869801	2	56	RESPONSE
743.141832	2	56	RESPONSE
743.325824	2	56	RESPONSE
743.444901	2	56	TRIAL_END
743.445450	2	56	CONSEQUENCE
743.445563	2	56	HIT
743.477900	2	57	IET R
743.646040	2	57	IET R
743.789830	2	57	IET R
751.459340	2	57	TRIAL_START
752.877859	2	57	RESPONSE
753.021860	2	57	RESPONSE
753.165893	2	57	RESPONSE
753.309844	2	57	RESPONSE
753.437850	2	57	RESPONSE
753.741824	2	57	RESPONSE
753.893850	2	57	RESPONSE
754.037891	2	57	RESPONSE
754.173887	2	57	RESPONSE
754.309872	2	57	RESPONSE
754.461857	2	57	RESPONSE
754.605851	2	57	RESPONSE
754.757898	2	57	RESPONSE
754.901826	2	57	RESPONSE
755.037833	2	57	RESPONSE
755.189863	2	57	RESPONSE
755.357844	2	57	RESPONSE
755.459870	2	57	TRIAL_END
755.460452	2	57	CONSEQUENCE
755.460564	2	57	HIT
755.517871	2	58	IET R
755.653842	2	58	IET R
763.485725	2	58	TRIAL_START
765.005854	2	58	RESPONSE
765.141866	2	58	RESPONSE
765.381861	2	58	RESPONSE
765.557935	2	58	RESPONSE
765.701936	2	58	RESPONSE
765.853891	2	58	RESPONSE
766.021889	2	58	RESPONSE
766.197861	2	58	RESPONSE
766.341926	2	58	RESPONSE
766.493866	2	58	RESPONSE
766.646146	2	58	RESPONSE
766.813867	2	58	RESPONSE
766.989950	2	58	RESPONSE
767.165863	2	58	RESPONSE
767.333947	2	58	RESPONSE
767.486313	2	58	TRIAL_END
767.486916	2	58	CONSEQUENCE
767.487029	2	58	HIT
767.501911	2	59	IET R
767.661958	2	59	IET R
767.797873	2	59	IET R
775.492593	3	59	TRIAL_START
785.496929	3	59	TRIAL_END
