time	bloc	trial	event
0.007982	1	1	TRIAL_START
6.014058	1	1	TRIAL_END
6.518034	1	2	TRIAL_START
83.811004	1	2	TRIAL_END
84.340491	1	3	TRIAL_START
86.624737	1	3	RESPONSE
86.624982	1	3	CONSEQUENCE
86.816890	1	3	RESPONSE
86.992708	1	3	RESPONSE
87.160727	1	3	RESPONSE
87.376674	1	3	RESPONSE
87.568729	1	3	RESPONSE
87.569188	1	3	CONSEQUENCE
89.024699	1	3	RESPONSE
89.024970	1	3	CONSEQUENCE
89.200700	1	3	RESPONSE
89.344892	1	3	RESPONSE
89.656668	1	3	RESPONSE
89.800732	1	3	RESPONSE
89.968695	1	3	RESPONSE
89.969083	1	3	CONSEQUENCE
90.144706	1	3	RESPONSE
90.328684	1	3	RESPONSE
90.512754	1	3	RESPONSE
90.680683	1	3	RESPONSE
90.840684	1	3	RESPONSE
90.840958	1	3	CONSEQUENCE
90.984666	1	3	RESPONSE
91.184660	1	3	RESPONSE
91.408692	1	3	RESPONSE
91.584664	1	3	RESPONSE
91.768674	1	3	RESPONSE
91.768957	1	3	CONSEQUENCE
91.960685	1	3	RESPONSE
92.136744	1	3	RESPONSE
92.336729	1	3	RESPONSE
92.512702	1	3	RESPONSE
92.712656	1	3	RESPONSE
92.712907	1	3	CONSEQUENCE
92.904863	1	3	RESPONSE
93.088665	1	3	RESPONSE
93.280690	1	3	RESPONSE
93.672704	1	3	RESPONSE
93.673000	1	3	CONSEQUENCE
93.864755	1	3	RESPONSE
94.048669	1	3	RESPONSE
94.248671	1	3	RESPONSE
94.440665	1	3	RESPONSE
94.632693	1	3	RESPONSE
94.632944	1	3	CONSEQUENCE
94.840824	1	3	RESPONSE
95.032675	1	3	RESPONSE
95.224851	1	3	RESPONSE
95.376652	1	3	RESPONSE
95.536700	1	3	RESPONSE
95.537120	1	3	CONSEQUENCE
95.712701	1	3	RESPONSE
95.880750	1	3	RESPONSE
96.064729	1	3	RESPONSE
96.232753	1	3	RESPONSE
96.408641	1	3	RESPONSE
96.408903	1	3	CONSEQUENCE
96.592702	1	3	RESPONSE
96.776671	1	3	RESPONSE
96.960663	1	3	RESPONSE
97.152658	1	3	RESPONSE
97.329021	1	3	RESPONSE
97.329526	1	3	CONSEQUENCE
97.512873	1	3	RESPONSE
97.712723	1	3	RESPONSE
97.897045	1	3	RESPONSE
98.072655	1	3	RESPONSE
98.240702	1	3	RESPONSE
98.240967	1	3	CONSEQUENCE
98.416670	1	3	RESPONSE
98.600779	1	3	RESPONSE
98.792685	1	3	RESPONSE
98.968661	1	3	RESPONSE
99.120684	1	3	RESPONSE
99.120950	1	3	CONSEQUENCE
99.304668	1	3	RESPONSE
99.488673	1	3	RESPONSE
99.664741	1	3	RESPONSE
99.840687	1	3	RESPONSE
100.024661	1	3	RESPONSE
100.024916	1	3	CONSEQUENCE
100.216646	1	3	RESPONSE
100.416650	1	3	RESPONSE
100.584671	1	3	RESPONSE
100.784651	1	3	RESPONSE
100.976782	1	3	RESPONSE
100.977123	1	3	CONSEQUENCE
101.160653	1	3	RESPONSE
101.344649	1	3	RESPONSE
101.520629	1	3	RESPONSE
101.720638	1	3	RESPONSE
101.936697	1	3	RESPONSE
101.937028	1	3	CONSEQUENCE
102.136706	1	3	RESPONSE
102.336649	1	3	RESPONSE
102.544631	1	3	RESPONSE
102.744664	1	3	RESPONSE
102.744995	1	3	CONSEQUENCE
102.944699	1	3	RESPONSE
103.128923	1	3	RESPONSE
103.328947	1	3	RESPONSE
103.544622	1	3	RESPONSE
103.544918	1	3	CONSEQUENCE
103.752670	1	3	RESPONSE
103.976646	1	3	RESPONSE
104.192829	1	3	RESPONSE
104.340955	1	3	TRIAL_END
104.360789	1	4	IET R
104.568728	1	4	IET R
104.844550	1	4	TRIAL_START
110.849063	1	4	TRIAL_END
111.353031	1	5	TRIAL_START
117.357084	1	5	TRIAL_END
117.861181	1	6	TRIAL_START
120.865937	1	6	TRIAL_END
121.369934	1	7	TRIAL_START
122.374052	1	7	TRIAL_END
122.878172	1	8	TRIAL_START
123.882050	1	8	TRIAL_END
124.386050	1	9	TRIAL_START
125.388529	1	9	TRIAL_END
125.898168	2	10	TRIAL_START
126.456598	2	10	RESPONSE
126.640649	2	10	RESPONSE
126.848582	2	10	RESPONSE
127.032572	2	10	RESPONSE
127.224625	2	10	RESPONSE
127.440689	2	10	RESPONSE
127.640669	2	10	RESPONSE
127.848602	2	10	RESPONSE
128.048570	2	10	RESPONSE
128.256746	2	10	RESPONSE
128.448630	2	10	RESPONSE
128.640577	2	10	RESPONSE
128.840608	2	10	RESPONSE
129.040628	2	10	RESPONSE
129.240564	2	10	RESPONSE
129.432548	2	10	RESPONSE
129.632552	2	10	RESPONSE
129.840558	2	10	RESPONSE
129.898961	2	10	TRIAL_END
129.899475	2	10	MISS
130.048580	2	11	IET R
130.256628	2	11	IET R
134.927932	2	11	TRIAL_START
135.720647	2	11	RESPONSE
135.920589	2	11	RESPONSE
136.104648	2	11	RESPONSE
136.304621	2	11	RESPONSE
136.496696	2	11	RESPONSE
136.704597	2	11	RESPONSE
136.888675	2	11	RESPONSE
137.104674	2	11	RESPONSE
137.304542	2	11	RESPONSE
137.504554	2	11	RESPONSE
137.712553	2	11	RESPONSE
137.912648	2	11	RESPONSE
138.120643	2	11	RESPONSE
138.320644	2	11	RESPONSE
138.528616	2	11	RESPONSE
138.728565	2	11	RESPONSE
138.928542	2	11	RESPONSE
138.928609	2	11	TRIAL_END
138.929114	2	11	MISS
139.144549	2	12	IET R
143.938184	2	12	TRIAL_START
144.648520	2	12	RESPONSE
144.848784	2	12	RESPONSE
145.032491	2	12	RESPONSE
145.216557	2	12	RESPONSE
145.408535	2	12	RESPONSE
145.592558	2	12	RESPONSE
145.768610	2	12	RESPONSE
145.960535	2	12	RESPONSE
146.152591	2	12	RESPONSE
146.344533	2	12	RESPONSE
146.536533	2	12	RESPONSE
146.712544	2	12	RESPONSE
146.864544	2	12	RESPONSE
147.032735	2	12	RESPONSE
147.216585	2	12	RESPONSE
147.400521	2	12	RESPONSE
147.576557	2	12	RESPONSE
147.776528	2	12	RESPONSE
147.939020	2	12	TRIAL_END
147.939981	2	12	CONSEQUENCE
147.940140	2	12	HIT
147.960547	2	13	IET R
148.136530	2	13	IET R
148.328532	2	13	IET R
152.955514	2	13	TRIAL_START
153.712525	2	13	RESPONSE
153.904504	2	13	RESPONSE
154.088500	2	13	RESPONSE
154.272520	2	13	RESPONSE
154.440511	2	13	RESPONSE
154.600546	2	13	RESPONSE
154.776554	2	13	RESPONSE
154.960500	2	13	RESPONSE
155.136531	2	13	RESPONSE
155.320514	2	13	RESPONSE
155.504581	2	13	RESPONSE
155.672526	2	13	RESPONSE
155.872614	2	13	RESPONSE
156.064556	2	13	RESPONSE
156.248615	2	13	RESPONSE
156.432497	2	13	RESPONSE
156.624482	2	13	RESPONSE
156.824567	2	13	RESPONSE
156.956210	2	13	TRIAL_END
156.956966	2	13	CONSEQUENCE
156.957138	2	13	HIT
157.000497	2	14	IET R
157.176522	2	14	IET R
157.352501	2	14	IET R
161.973986	2	14	TRIAL_START
162.584480	2	14	RESPONSE
162.768485	2	14	RESPONSE
162.928495	2	14	RESPONSE
163.088471	2	14	RESPONSE
163.248566	2	14	RESPONSE
163.440501	2	14	RESPONSE
163.616543	2	14	RESPONSE
163.816531	2	14	RESPONSE
163.984478	2	14	RESPONSE
164.176488	2	14	RESPONSE
164.360552	2	14	RESPONSE
164.560502	2	14	RESPONSE
164.728528	2	14	RESPONSE
164.912537	2	14	RESPONSE
165.112506	2	14	RESPONSE
165.296490	2	14	RESPONSE
165.472527	2	14	RESPONSE
165.648475	2	14	RESPONSE
165.856459	2	14	RESPONSE
165.975150	2	14	TRIAL_END
165.975913	2	14	CONSEQUENCE
165.976102	2	14	HIT
166.048467	2	15	IET R
166.224522	2	15	IET R
170.987383	2	15	TRIAL_START
171.640496	2	15	RESPONSE
171.816465	2	15	RESPONSE
171.976535	2	15	RESPONSE
172.144511	2	15	RESPONSE
172.296567	2	15	RESPONSE
172.464582	2	15	RESPONSE
172.664466	2	15	RESPONSE
172.856474	2	15	RESPONSE
173.056480	2	15	RESPONSE
173.224481	2	15	RESPONSE
173.408533	2	15	RESPONSE
173.584471	2	15	RESPONSE
173.776585	2	15	RESPONSE
173.968480	2	15	RESPONSE
174.168473	2	15	RESPONSE
174.344636	2	15	RESPONSE
174.528560	2	15	RESPONSE
174.736476	2	15	RESPONSE
174.936487	2	15	RESPONSE
174.987849	2	15	TRIAL_END
174.988370	2	15	MISS
175.112465	2	16	IET R
175.304462	2	16	IET R
180.018074	2	16	TRIAL_START
180.608509	2	16	RESPONSE
180.824461	2	16	RESPONSE
181.008480	2	16	RESPONSE
181.192444	2	16	RESPONSE
181.376602	2	16	RESPONSE
181.560473	2	16	RESPONSE
181.760753	2	16	RESPONSE
181.936455	2	16	RESPONSE
182.136461	2	16	RESPONSE
182.336476	2	16	RESPONSE
182.520458	2	16	RESPONSE
182.712452	2	16	RESPONSE
182.912451	2	16	RESPONSE
183.096437	2	16	RESPONSE
183.304458	2	16	RESPONSE
183.504479	2	16	RESPONSE
183.696511	2	16	RESPONSE
183.896541	2	16	RESPONSE
184.018248	2	16	TRIAL_END
184.018779	2	16	CONSEQUENCE
184.018895	2	16	HIT
184.080422	2	17	IET R
184.272507	2	17	IET R
189.046278	2	17	TRIAL_START
189.704465	2	17	RESPONSE
190.040445	2	17	RESPONSE
190.224490	2	17	RESPONSE
190.392409	2	17	RESPONSE
190.544442	2	17	RESPONSE
190.720491	2	17	RESPONSE
190.904468	2	17	RESPONSE
191.080421	2	17	RESPONSE
191.280551	2	17	RESPONSE
191.464439	2	17	RESPONSE
191.632730	2	17	RESPONSE
191.832460	2	17	RESPONSE
192.032604	2	17	RESPONSE
192.216450	2	17	RESPONSE
192.400478	2	17	RESPONSE
192.584768	2	17	RESPONSE
192.776501	2	17	RESPONSE
192.960463	2	17	RESPONSE
193.047004	2	17	TRIAL_END
193.047913	2	17	MISS
193.152618	2	18	IET R
193.328428	2	18	IET R
198.061042	2	18	TRIAL_START
198.752414	2	18	RESPONSE
198.960422	2	18	RESPONSE
199.152389	2	18	RESPONSE
199.344413	2	18	RESPONSE
199.512432	2	18	RESPONSE
199.712456	2	18	RESPONSE
199.904454	2	18	RESPONSE
200.088477	2	18	RESPONSE
200.280418	2	18	RESPONSE
200.480418	2	18	RESPONSE
200.672473	2	18	RESPONSE
200.864464	2	18	RESPONSE
201.064596	2	18	RESPONSE
201.256408	2	18	RESPONSE
201.448407	2	18	RESPONSE
201.648447	2	18	RESPONSE
201.832452	2	18	RESPONSE
202.032528	2	18	RESPONSE
202.061820	2	18	TRIAL_END
202.062615	2	18	CONSEQUENCE
202.062787	2	18	HIT
202.216402	2	19	IET R
202.416390	2	19	IET R
207.074669	2	19	TRIAL_START
207.872404	2	19	RESPONSE
208.064447	2	19	RESPONSE
208.264441	2	19	RESPONSE
208.440435	2	19	RESPONSE
208.624453	2	19	RESPONSE
208.848394	2	19	RESPONSE
209.040387	2	19	RESPONSE
209.232412	2	19	RESPONSE
209.424361	2	19	RESPONSE
209.616400	2	19	RESPONSE
209.824385	2	19	RESPONSE
210.008392	2	19	RESPONSE
210.208387	2	19	RESPONSE
210.424390	2	19	RESPONSE
210.624375	2	19	RESPONSE
210.824462	2	19	RESPONSE
211.000508	2	19	RESPONSE
211.076039	2	19	TRIAL_END
211.076549	2	19	CONSEQUENCE
211.076656	2	19	HIT
211.184421	2	20	IET R
211.384459	2	20	IET R
211.568383	2	20	IET R
216.086712	2	20	TRIAL_START
216.856389	2	20	RESPONSE
217.064380	2	20	RESPONSE
217.256358	2	20	RESPONSE
217.432451	2	20	RESPONSE
217.600409	2	20	RESPONSE
217.792391	2	20	RESPONSE
218.008411	2	20	RESPONSE
218.184434	2	20	RESPONSE
218.368507	2	20	RESPONSE
218.552406	2	20	RESPONSE
218.744383	2	20	RESPONSE
218.936453	2	20	RESPONSE
219.128410	2	20	RESPONSE
219.344351	2	20	RESPONSE
219.544355	2	20	RESPONSE
219.744347	2	20	RESPONSE
219.936386	2	20	RESPONSE
220.087190	2	20	TRIAL_END
220.087712	2	20	MISS
220.128370	2	21	IET R
220.312374	2	21	IET R
225.105217	2	21	TRIAL_START
225.760553	2	21	RESPONSE
225.961017	2	21	RESPONSE
226.144346	2	21	RESPONSE
226.320469	2	21	RESPONSE
226.496417	2	21	RESPONSE
226.680364	2	21	RESPONSE
226.872364	2	21	RESPONSE
227.064367	2	21	RESPONSE
227.256388	2	21	RESPONSE
227.440368	2	21	RESPONSE
227.624432	2	21	RESPONSE
227.816494	2	21	RESPONSE
228.016469	2	21	RESPONSE
228.200359	2	21	RESPONSE
228.384370	2	21	RESPONSE
228.576365	2	21	RESPONSE
228.784431	2	21	RESPONSE
228.976367	2	21	RESPONSE
229.105339	2	21	TRIAL_END
229.105852	2	21	MISS
229.185166	2	22	IET R
229.376368	2	22	IET R
234.118297	2	22	TRIAL_START
234.872422	2	22	RESPONSE
235.096335	2	22	RESPONSE
235.280411	2	22	RESPONSE
235.464474	2	22	RESPONSE
235.640351	2	22	RESPONSE
235.832364	2	22	RESPONSE
236.024404	2	22	RESPONSE
236.216337	2	22	RESPONSE
236.408358	2	22	RESPONSE
236.600359	2	22	RESPONSE
236.808364	2	22	RESPONSE
237.008409	2	22	RESPONSE
237.208345	2	22	RESPONSE
237.400343	2	22	RESPONSE
237.592405	2	22	RESPONSE
237.776322	2	22	RESPONSE
237.968327	2	22	RESPONSE
238.119277	2	22	TRIAL_END
238.120246	2	22	CONSEQUENCE
238.120424	2	22	HIT
238.144329	2	23	IET R
238.304334	2	23	IET R
243.133115	2	23	TRIAL_START
243.848338	2	23	RESPONSE
244.048356	2	23	RESPONSE
244.216424	2	23	RESPONSE
244.376491	2	23	RESPONSE
244.552354	2	23	RESPONSE
244.736308	2	23	RESPONSE
244.896328	2	23	RESPONSE
245.072451	2	23	RESPONSE
245.248638	2	23	RESPONSE
245.440322	2	23	RESPONSE
245.616500	2	23	RESPONSE
245.816716	2	23	RESPONSE
245.992383	2	23	RESPONSE
246.184371	2	23	RESPONSE
246.344441	2	23	RESPONSE
246.536313	2	23	RESPONSE
246.736335	2	23	RESPONSE
246.904322	2	23	RESPONSE
247.088420	2	23	RESPONSE
247.133798	2	23	TRIAL_END
247.134372	2	23	MISS
247.280366	2	24	IET R
247.472328	2	24	IET R
252.152480	2	24	TRIAL_START
252.744445	2	24	RESPONSE
252.936301	2	24	RESPONSE
253.120309	2	24	RESPONSE
253.304320	2	24	RESPONSE
253.496327	2	24	RESPONSE
253.696319	2	24	RESPONSE
253.880576	2	24	RESPONSE
254.088362	2	24	RESPONSE
254.288312	2	24	RESPONSE
254.472322	2	24	RESPONSE
254.688339	2	24	RESPONSE
254.888357	2	24	RESPONSE
255.088305	2	24	RESPONSE
255.320386	2	24	RESPONSE
255.512323	2	24	RESPONSE
255.688305	2	24	RESPONSE
255.872286	2	24	RESPONSE
256.056460	2	24	RESPONSE
256.153079	2	24	TRIAL_END
256.153826	2	24	CONSEQUENCE
256.154048	2	24	HIT
256.256510	2	25	IET R
256.456364	2	25	IET R
256.624394	2	25	IET R
261.161551	2	25	TRIAL_START
262.008304	2	25	RESPONSE
262.200317	2	25	RESPONSE
262.368298	2	25	RESPONSE
262.528295	2	25	RESPONSE
262.704286	2	25	RESPONSE
262.880284	2	25	RESPONSE
263.048371	2	25	RESPONSE
263.248372	2	25	RESPONSE
263.440391	2	25	RESPONSE
263.632333	2	25	RESPONSE
263.816307	2	25	RESPONSE
264.008334	2	25	RESPONSE
264.224377	2	25	RESPONSE
264.424357	2	25	RESPONSE
264.648332	2	25	RESPONSE
264.832306	2	25	RESPONSE
265.008519	2	25	RESPONSE
265.162310	2	25	TRIAL_END
265.163065	2	25	CONSEQUENCE
265.163232	2	25	HIT
265.200291	2	26	IET R
265.400299	2	26	IET R
265.584318	2	26	IET R
270.171029	2	26	TRIAL_START
270.776342	2	26	RESPONSE
270.976478	2	26	RESPONSE
271.152292	2	26	RESPONSE
271.344286	2	26	RESPONSE
271.528285	2	26	RESPONSE
271.720328	2	26	RESPONSE
271.912350	2	26	RESPONSE
272.096345	2	26	RESPONSE
272.280294	2	26	RESPONSE
272.480365	2	26	RESPONSE
272.664293	2	26	RESPONSE
272.856309	2	26	RESPONSE
273.040316	2	26	RESPONSE
273.224313	2	26	RESPONSE
273.416316	2	26	RESPONSE
273.600293	2	26	RESPONSE
273.784289	2	26	RESPONSE
273.960425	2	26	RESPONSE
274.152363	2	26	RESPONSE
274.171615	2	26	TRIAL_END
274.172557	2	26	MISS
274.352329	2	27	IET R
274.552289	2	27	IET R
279.199326	2	27	TRIAL_START
280.208275	2	27	RESPONSE
280.384294	2	27	RESPONSE
280.560270	2	27	RESPONSE
280.744368	2	27	RESPONSE
280.928276	2	27	RESPONSE
281.104278	2	27	RESPONSE
281.288352	2	27	RESPONSE
281.464280	2	27	RESPONSE
281.648268	2	27	RESPONSE
281.832301	2	27	RESPONSE
282.032276	2	27	RESPONSE
282.208370	2	27	RESPONSE
282.392286	2	27	RESPONSE
282.592282	2	27	RESPONSE
282.784271	2	27	RESPONSE
282.984315	2	27	RESPONSE
283.176267	2	27	RESPONSE
283.199482	2	27	TRIAL_END
283.200037	2	27	CONSEQUENCE
283.200149	2	27	HIT
283.360290	2	28	IET R
283.552329	2	28	IET R
288.219626	2	28	TRIAL_START
292.230041	2	28	TRIAL_END
292.231003	2	28	HIT
297.244384	2	29	TRIAL_START
301.250712	2	29	TRIAL_END
301.251241	2	29	MISS
306.259836	2	30	TRIAL_START
307.016229	2	30	RESPONSE
307.192249	2	30	RESPONSE
307.360343	2	30	RESPONSE
307.536251	2	30	RESPONSE
307.704251	2	30	RESPONSE
307.880406	2	30	RESPONSE
308.048247	2	30	RESPONSE
308.216238	2	30	RESPONSE
308.400280	2	30	RESPONSE
308.576270	2	30	RESPONSE
308.752367	2	30	RESPONSE
308.944257	2	30	RESPONSE
309.120398	2	30	RESPONSE
309.304244	2	30	RESPONSE
309.480249	2	30	RESPONSE
309.656246	2	30	RESPONSE
309.840300	2	30	RESPONSE
310.024249	2	30	RESPONSE
310.208279	2	30	RESPONSE
310.260673	2	30	TRIAL_END
310.261853	2	30	CONSEQUENCE
310.262038	2	30	HIT
310.392244	2	31	IET R
310.576247	2	31	IET R
310.752276	2	31	IET R
315.269885	2	31	TRIAL_START
316.624247	2	31	RESPONSE
316.800251	2	31	RESPONSE
316.960344	2	31	RESPONSE
317.120387	2	31	RESPONSE
317.264293	2	31	RESPONSE
317.424303	2	31	RESPONSE
317.592245	2	31	RESPONSE
317.784243	2	31	RESPONSE
317.952239	2	31	RESPONSE
318.120238	2	31	RESPONSE
318.288241	2	31	RESPONSE
318.480221	2	31	RESPONSE
318.648238	2	31	RESPONSE
318.832244	2	31	RESPONSE
319.024301	2	31	RESPONSE
319.200261	2	31	RESPONSE
319.270741	2	31	TRIAL_END
319.271276	2	31	MISS
319.376217	2	32	IET R
319.560514	2	32	IET R
324.296431	2	32	TRIAL_START
325.752245	2	32	RESPONSE
325.920231	2	32	RESPONSE
326.080228	2	32	RESPONSE
326.248237	2	32	RESPONSE
326.424458	2	32	RESPONSE
326.616216	2	32	RESPONSE
326.800273	2	32	RESPONSE
327.000251	2	32	RESPONSE
327.176271	2	32	RESPONSE
327.376307	2	32	RESPONSE
327.568301	2	32	RESPONSE
327.744235	2	32	RESPONSE
327.928277	2	32	RESPONSE
328.136237	2	32	RESPONSE
328.297085	2	32	TRIAL_END
328.297863	2	32	MISS
328.312250	2	33	IET R
328.496229	2	33	IET R
328.688249	2	33	IET R
333.306808	2	33	TRIAL_START
334.240341	2	33	RESPONSE
334.432240	2	33	RESPONSE
334.616235	2	33	RESPONSE
334.816273	2	33	RESPONSE
334.992206	2	33	RESPONSE
335.176255	2	33	RESPONSE
335.352268	2	33	RESPONSE
335.536221	2	33	RESPONSE
335.704240	2	33	RESPONSE
335.896211	2	33	RESPONSE
336.080213	2	33	RESPONSE
336.280205	2	33	RESPONSE
336.464205	2	33	RESPONSE
336.648249	2	33	RESPONSE
336.832225	2	33	RESPONSE
337.032242	2	33	RESPONSE
337.216205	2	33	RESPONSE
337.307773	2	33	TRIAL_END
337.308540	2	33	CONSEQUENCE
337.308707	2	33	HIT
337.392203	2	34	IET R
337.600218	2	34	IET R
342.324965	2	34	TRIAL_START
343.272370	2	34	RESPONSE
343.472334	2	34	RESPONSE
343.648219	2	34	RESPONSE
343.832205	2	34	RESPONSE
344.000231	2	34	RESPONSE
344.176236	2	34	RESPONSE
344.368204	2	34	RESPONSE
344.544211	2	34	RESPONSE
344.736252	2	34	RESPONSE
344.928208	2	34	RESPONSE
345.112223	2	34	RESPONSE
345.296199	2	34	RESPONSE
345.480243	2	34	RESPONSE
345.648247	2	34	RESPONSE
345.856216	2	34	RESPONSE
346.048286	2	34	RESPONSE
346.248245	2	34	RESPONSE
346.325783	2	34	TRIAL_END
346.326343	2	34	MISS
346.440209	2	35	IET R
346.640207	2	35	IET R
351.335273	2	35	TRIAL_START
352.024202	2	35	RESPONSE
352.208210	2	35	RESPONSE
352.385130	2	35	RESPONSE
352.576231	2	35	RESPONSE
352.752314	2	35	RESPONSE
352.920194	2	35	RESPONSE
353.104197	2	35	RESPONSE
353.296193	2	35	RESPONSE
353.480271	2	35	RESPONSE
353.672231	2	35	RESPONSE
353.872194	2	35	RESPONSE
354.048253	2	35	RESPONSE
354.232214	2	35	RESPONSE
354.432211	2	35	RESPONSE
354.616240	2	35	RESPONSE
354.824248	2	35	RESPONSE
355.008197	2	35	RESPONSE
355.208213	2	35	RESPONSE
355.336325	2	35	TRIAL_END
355.337241	2	35	CONSEQUENCE
355.337440	2	35	HIT
355.384196	2	36	IET R
355.584289	2	36	IET R
360.345127	2	36	TRIAL_START
361.944269	2	36	RESPONSE
362.112246	2	36	RESPONSE
362.280234	2	36	RESPONSE
362.456198	2	36	RESPONSE
362.632191	2	36	RESPONSE
362.816326	2	36	RESPONSE
362.992215	2	36	RESPONSE
363.192215	2	36	RESPONSE
363.376285	2	36	RESPONSE
363.552246	2	36	RESPONSE
363.752236	2	36	RESPONSE
363.944236	2	36	RESPONSE
364.120256	2	36	RESPONSE
364.312240	2	36	RESPONSE
364.345557	2	36	TRIAL_END
364.346377	2	36	MISS
364.504207	2	37	IET R
364.688183	2	37	IET R
369.373550	2	37	TRIAL_START
373.373968	2	37	TRIAL_END
373.374777	2	37	HIT
378.397772	2	38	TRIAL_START
382.406071	2	38	TRIAL_END
382.406606	2	38	MISS
387.416032	2	39	TRIAL_START
391.422034	2	39	TRIAL_END
391.422539	2	39	MISS
396.432995	2	40	TRIAL_START
397.216177	2	40	RESPONSE
397.424167	2	40	RESPONSE
397.608231	2	40	RESPONSE
397.776158	2	40	RESPONSE
397.952175	2	40	RESPONSE
398.128184	2	40	RESPONSE
398.312158	2	40	RESPONSE
398.488186	2	40	RESPONSE
398.680483	2	40	RESPONSE
398.864363	2	40	RESPONSE
399.048177	2	40	RESPONSE
399.216187	2	40	RESPONSE
399.424230	2	40	RESPONSE
399.608347	2	40	RESPONSE
399.784179	2	40	RESPONSE
399.976163	2	40	RESPONSE
400.152231	2	40	RESPONSE
400.336190	2	40	RESPONSE
400.433795	2	40	TRIAL_END
400.434837	2	40	MISS
400.520159	2	41	IET R
400.720160	2	41	IET R
405.442689	2	41	TRIAL_START
406.064178	2	41	RESPONSE
406.264165	2	41	RESPONSE
406.448158	2	41	RESPONSE
406.632311	2	41	RESPONSE
406.816183	2	41	RESPONSE
406.992174	2	41	RESPONSE
407.176198	2	41	RESPONSE
407.336170	2	41	RESPONSE
407.512237	2	41	RESPONSE
407.712224	2	41	RESPONSE
407.904296	2	41	RESPONSE
408.088170	2	41	RESPONSE
408.296303	2	41	RESPONSE
408.488210	2	41	RESPONSE
408.664227	2	41	RESPONSE
408.848152	2	41	RESPONSE
409.040171	2	41	RESPONSE
409.208164	2	41	RESPONSE
409.400205	2	41	RESPONSE
409.443534	2	41	TRIAL_END
409.444232	2	41	CONSEQUENCE
409.444369	2	41	HIT
409.600221	2	42	IET R
409.800429	2	42	IET R
414.458294	2	42	TRIAL_START
415.328250	2	42	RESPONSE
415.520220	2	42	RESPONSE
415.712159	2	42	RESPONSE
415.904251	2	42	RESPONSE
416.072143	2	42	RESPONSE
416.248180	2	42	RESPONSE
416.440193	2	42	RESPONSE
416.632196	2	42	RESPONSE
416.824975	2	42	RESPONSE
417.016181	2	42	RESPONSE
417.224185	2	42	RESPONSE
417.424213	2	42	RESPONSE
417.608163	2	42	RESPONSE
417.800203	2	42	RESPONSE
417.984297	2	42	RESPONSE
418.192182	2	42	RESPONSE
418.384237	2	42	RESPONSE
418.458718	2	42	TRIAL_END
418.459672	2	42	CONSEQUENCE
418.459838	2	42	HIT
418.592160	2	43	IET R
418.792205	2	43	IET R
423.482854	2	43	TRIAL_START
424.400160	2	43	RESPONSE
424.600152	2	43	RESPONSE
424.776182	2	43	RESPONSE
424.952226	2	43	RESPONSE
425.136161	2	43	RESPONSE
425.336167	2	43	RESPONSE
425.528216	2	43	RESPONSE
425.712167	2	43	RESPONSE
425.904172	2	43	RESPONSE
426.120194	2	43	RESPONSE
426.312174	2	43	RESPONSE
426.488195	2	43	RESPONSE
426.688233	2	43	RESPONSE
426.880175	2	43	RESPONSE
427.088227	2	43	RESPONSE
427.272155	2	43	RESPONSE
427.464175	2	43	RESPONSE
427.483377	2	43	TRIAL_END
427.484146	2	43	MISS
427.656189	2	44	IET R
427.864185	2	44	IET R
432.499541	2	44	TRIAL_START
433.624164	2	44	RESPONSE
433.808167	2	44	RESPONSE
433.984159	2	44	RESPONSE
434.168161	2	44	RESPONSE
434.376158	2	44	RESPONSE
434.560150	2	44	RESPONSE
434.752205	2	44	RESPONSE
434.944153	2	44	RESPONSE
435.128201	2	44	RESPONSE
435.328158	2	44	RESPONSE
435.536161	2	44	RESPONSE
435.712153	2	44	RESPONSE
435.920167	2	44	RESPONSE
436.120170	2	44	RESPONSE
436.296161	2	44	RESPONSE
436.496185	2	44	RESPONSE
436.500461	2	44	TRIAL_END
436.501240	2	44	MISS
436.696239	2	45	IET R
436.888198	2	45	IET R
441.511553	2	45	TRIAL_START
443.344194	2	45	RESPONSE
443.544242	2	45	RESPONSE
443.720183	2	45	RESPONSE
443.904217	2	45	RESPONSE
444.080166	2	45	RESPONSE
444.256190	2	45	RESPONSE
444.424193	2	45	RESPONSE
444.624185	2	45	RESPONSE
444.800133	2	45	RESPONSE
444.992155	2	45	RESPONSE
445.176173	2	45	RESPONSE
445.368150	2	45	RESPONSE
445.511893	2	45	TRIAL_END
445.512695	2	45	CONSEQUENCE
445.512907	2	45	HIT
445.544327	2	46	IET R
445.744259	2	46	IET R
450.519870	2	46	TRIAL_START
451.408213	2	46	RESPONSE
451.592175	2	46	RESPONSE
451.776258	2	46	RESPONSE
451.952295	2	46	RESPONSE
452.128247	2	46	RESPONSE
452.320198	2	46	RESPONSE
452.512248	2	46	RESPONSE
452.696150	2	46	RESPONSE
452.896153	2	46	RESPONSE
453.080544	2	46	RESPONSE
453.272197	2	46	RESPONSE
453.464224	2	46	RESPONSE
453.656168	2	46	RESPONSE
453.848271	2	46	RESPONSE
454.016200	2	46	RESPONSE
454.216203	2	46	RESPONSE
454.392410	2	46	RESPONSE
454.520272	2	46	TRIAL_END
454.520797	2	46	MISS
454.576157	2	47	IET R
454.760168	2	47	IET R
459.531458	2	47	TRIAL_START
460.672153	2	47	RESPONSE
460.872170	2	47	RESPONSE
461.056142	2	47	RESPONSE
461.248195	2	47	RESPONSE
461.432161	2	47	RESPONSE
461.632157	2	47	RESPONSE
461.824200	2	47	RESPONSE
462.016183	2	47	RESPONSE
462.208142	2	47	RESPONSE
462.392163	2	47	RESPONSE
462.600149	2	47	RESPONSE
462.792180	2	47	RESPONSE
462.992155	2	47	RESPONSE
463.200164	2	47	RESPONSE
463.384184	2	47	RESPONSE
463.532420	2	47	TRIAL_END
463.532945	2	47	CONSEQUENCE
463.533058	2	47	HIT
463.576477	2	48	IET R
463.768194	2	48	IET R
463.976359	2	48	IET R
468.545940	2	48	TRIAL_START
469.464159	2	48	RESPONSE
469.656161	2	48	RESPONSE
469.840241	2	48	RESPONSE
470.016185	2	48	RESPONSE
470.208499	2	48	RESPONSE
470.400184	2	48	RESPONSE
470.576167	2	48	RESPONSE
470.760165	2	48	RESPONSE
470.960144	2	48	RESPONSE
471.152159	2	48	RESPONSE
471.344168	2	48	RESPONSE
471.528166	2	48	RESPONSE
471.712185	2	48	RESPONSE
471.912492	2	48	RESPONSE
472.104160	2	48	RESPONSE
472.288216	2	48	RESPONSE
472.480162	2	48	RESPONSE
472.546594	2	48	TRIAL_END
472.547344	2	48	CONSEQUENCE
472.547515	2	48	HIT
472.680170	2	49	IET R
472.880188	2	49	IET R
477.555461	2	49	TRIAL_START
478.616173	2	49	RESPONSE
478.808206	2	49	RESPONSE
478.992172	2	49	RESPONSE
479.168171	2	49	RESPONSE
479.336250	2	49	RESPONSE
479.528149	2	49	RESPONSE
479.728151	2	49	RESPONSE
479.912162	2	49	RESPONSE
480.096185	2	49	RESPONSE
480.304196	2	49	RESPONSE
480.496159	2	49	RESPONSE
480.688222	2	49	RESPONSE
480.888194	2	49	RESPONSE
481.072294	2	49	RESPONSE
481.272344	2	49	RESPONSE
481.464145	2	49	RESPONSE
481.556716	2	49	TRIAL_END
481.557247	2	49	CONSEQUENCE
481.557362	2	49	HIT
481.672174	2	50	IET R
481.856147	2	50	IET R
486.568054	2	50	TRIAL_START
490.569915	2	50	TRIAL_END
490.570698	2	50	HIT
495.579213	2	51	TRIAL_START
496.384175	2	51	RESPONSE
496.592286	2	51	RESPONSE
496.768391	2	51	RESPONSE
496.936192	2	51	RESPONSE
497.120195	2	51	RESPONSE
497.312156	2	51	RESPONSE
497.496181	2	51	RESPONSE
497.680169	2	51	RESPONSE
497.864185	2	51	RESPONSE
498.064188	2	51	RESPONSE
498.248172	2	51	RESPONSE
498.440175	2	51	RESPONSE
498.624162	2	51	RESPONSE
498.824175	2	51	RESPONSE
499.016239	2	51	RESPONSE
499.200201	2	51	RESPONSE
499.392144	2	51	RESPONSE
499.568166	2	51	RESPONSE
499.579371	2	51	TRIAL_END
499.580111	2	51	MISS
499.752201	2	52	IET R
504.607158	2	52	TRIAL_START
505.328184	2	52	RESPONSE
505.536163	2	52	RESPONSE
505.720158	2	52	RESPONSE
505.904148	2	52	RESPONSE
506.088155	2	52	RESPONSE
506.272189	2	52	RESPONSE
506.472165	2	52	RESPONSE
506.648226	2	52	RESPONSE
506.840209	2	52	RESPONSE
507.040192	2	52	RESPONSE
507.216206	2	52	RESPONSE
507.408149	2	52	RESPONSE
507.592148	2	52	RESPONSE
507.784189	2	52	RESPONSE
507.968286	2	52	RESPONSE
508.168225	2	52	RESPONSE
508.368213	2	52	RESPONSE
508.608577	2	52	TRIAL_END
508.609328	2	52	CONSEQUENCE
508.609494	2	52	HIT
513.619406	2	53	TRIAL_START
514.728190	2	53	RESPONSE
514.936149	2	53	RESPONSE
515.112166	2	53	RESPONSE
515.288164	2	53	RESPONSE
515.472160	2	53	RESPONSE
515.656166	2	53	RESPONSE
515.832207	2	53	RESPONSE
516.016165	2	53	RESPONSE
516.208157	2	53	RESPONSE
516.384184	2	53	RESPONSE
516.568168	2	53	RESPONSE
516.760246	2	53	RESPONSE
516.960197	2	53	RESPONSE
517.144302	2	53	RESPONSE
517.336148	2	53	RESPONSE
517.512167	2	53	RESPONSE
517.620865	2	53	TRIAL_END
517.621459	2	53	MISS
517.696197	2	54	IET R
517.928297	2	54	IET R
522.639224	2	54	TRIAL_START
523.504167	2	54	RESPONSE
523.696251	2	54	RESPONSE
523.872175	2	54	RESPONSE
524.048148	2	54	RESPONSE
524.224247	2	54	RESPONSE
524.424229	2	54	RESPONSE
524.600141	2	54	RESPONSE
524.800226	2	54	RESPONSE
524.992207	2	54	RESPONSE
525.184172	2	54	RESPONSE
525.376204	2	54	RESPONSE
525.560247	2	54	RESPONSE
525.752168	2	54	RESPONSE
525.960219	2	54	RESPONSE
526.152187	2	54	RESPONSE
526.336167	2	54	RESPONSE
526.520183	2	54	RESPONSE
526.639887	2	54	TRIAL_END
526.640439	2	54	CONSEQUENCE
526.640553	2	54	HIT
526.736216	2	55	IET R
526.928211	2	55	IET R
531.651685	2	55	TRIAL_START
535.653746	2	55	TRIAL_END
535.654721	2	55	HIT
540.661864	2	56	TRIAL_START
541.608179	2	56	RESPONSE
541.792160	2	56	RESPONSE
541.976234	2	56	RESPONSE
542.160212	2	56	RESPONSE
542.344167	2	56	RESPONSE
542.528151	2	56	RESPONSE
542.704205	2	56	RESPONSE
542.896190	2	56	RESPONSE
543.080153	2	56	RESPONSE
543.264179	2	56	RESPONSE
543.456205	2	56	RESPONSE
543.648170	2	56	RESPONSE
543.832203	2	56	RESPONSE
544.032180	2	56	RESPONSE
544.232165	2	56	RESPONSE
544.416209	2	56	RESPONSE
544.608216	2	56	RESPONSE
544.662619	2	56	TRIAL_END
544.663238	2	56	CONSEQUENCE
544.663348	2	56	HIT
544.800182	2	57	IET R
544.992209	2	57	IET R
549.671113	2	57	TRIAL_START
550.968167	2	57	RESPONSE
551.152258	2	57	RESPONSE
551.328155	2	57	RESPONSE
551.496162	2	57	RESPONSE
551.680181	2	57	RESPONSE
551.848203	2	57	RESPONSE
552.024173	2	57	RESPONSE
552.208226	2	57	RESPONSE
552.408172	2	57	RESPONSE
552.592230	2	57	RESPONSE
552.768175	2	57	RESPONSE
552.968174	2	57	RESPONSE
553.144163	2	57	RESPONSE
553.344161	2	57	RESPONSE
553.528169	2	57	RESPONSE
553.671479	2	57	TRIAL_END
553.672372	2	57	CONSEQUENCE
553.672544	2	57	HIT
553.736143	2	58	IET R
553.920181	2	58	IET R
554.096154	2	58	IET R
558.692778	2	58	TRIAL_START
559.472175	2	58	RESPONSE
559.680169	2	58	RESPONSE
559.872176	2	58	RESPONSE
560.056169	2	58	RESPONSE
560.232198	2	58	RESPONSE
560.424252	2	58	RESPONSE
560.608168	2	58	RESPONSE
560.808194	2	58	RESPONSE
561.008193	2	58	RESPONSE
561.216247	2	58	RESPONSE
561.400261	2	58	RESPONSE
561.592223	2	58	RESPONSE
561.768175	2	58	RESPONSE
561.968204	2	58	RESPONSE
562.176231	2	58	RESPONSE
562.392189	2	58	RESPONSE
562.576299	2	58	RESPONSE
562.692940	2	58	TRIAL_END
562.693452	2	58	MISS
562.760170	2	59	IET R
562.960165	2	59	IET R
563.144267	2	59	IET R
567.707844	2	59	TRIAL_START
568.640182	2	59	RESPONSE
568.840170	2	59	RESPONSE
569.024179	2	59	RESPONSE
569.208249	2	59	RESPONSE
569.400167	2	59	RESPONSE
569.592191	2	59	RESPONSE
569.776226	2	59	RESPONSE
569.968423	2	59	RESPONSE
570.136159	2	59	RESPONSE
570.344222	2	59	RESPONSE
570.552380	2	59	RESPONSE
570.744223	2	59	RESPONSE
570.928233	2	59	RESPONSE
571.128218	2	59	RESPONSE
571.320369	2	59	RESPONSE
571.520201	2	59	RESPONSE
571.708665	2	59	TRIAL_END
571.709665	2	59	CONSEQUENCE
571.709832	2	59	HIT
571.721490	2	60	IET R
571.912169	2	60	IET R
572.104169	2	60	IET R
576.723153	2	60	TRIAL_START
578.016182	2	60	RESPONSE
578.224197	2	60	RESPONSE
578.408198	2	60	RESPONSE
578.592178	2	60	RESPONSE
578.792181	2	60	RESPONSE
578.992194	2	60	RESPONSE
579.184238	2	60	RESPONSE
579.368170	2	60	RESPONSE
579.568172	2	60	RESPONSE
579.768193	2	60	RESPONSE
579.968173	2	60	RESPONSE
580.152215	2	60	RESPONSE
580.344229	2	60	RESPONSE
580.544311	2	60	RESPONSE
580.723794	2	60	TRIAL_END
580.724457	2	60	CONSEQUENCE
580.724574	2	60	HIT
580.760164	2	61	IET R
580.936201	2	61	IET R
585.732633	2	61	TRIAL_START
589.753142	2	61	TRIAL_END
589.753917	2	61	HIT
594.765417	2	62	TRIAL_START
596.024196	2	62	RESPONSE
596.224276	2	62	RESPONSE
596.400311	2	62	RESPONSE
596.584177	2	62	RESPONSE
596.760274	2	62	RESPONSE
596.952227	2	62	RESPONSE
597.128203	2	62	RESPONSE
597.304180	2	62	RESPONSE
597.496237	2	62	RESPONSE
597.696184	2	62	RESPONSE
597.888287	2	62	RESPONSE
598.072266	2	62	RESPONSE
598.272209	2	62	RESPONSE
598.464241	2	62	RESPONSE
598.640199	2	62	RESPONSE
598.765990	2	62	TRIAL_END
598.766814	2	62	CONSEQUENCE
598.766990	2	62	HIT
598.840255	2	63	IET R
599.024249	2	63	IET R
603.787608	2	63	TRIAL_START
607.790198	2	63	TRIAL_END
607.790972	2	63	HIT
612.798563	2	64	TRIAL_START
613.992191	2	64	RESPONSE
614.184248	2	64	RESPONSE
614.376203	2	64	RESPONSE
614.560205	2	64	RESPONSE
614.728208	2	64	RESPONSE
614.904366	2	64	RESPONSE
615.088227	2	64	RESPONSE
615.288222	2	64	RESPONSE
615.488190	2	64	RESPONSE
615.672272	2	64	RESPONSE
615.856248	2	64	RESPONSE
616.040242	2	64	RESPONSE
616.256267	2	64	RESPONSE
616.440251	2	64	RESPONSE
616.632238	2	64	RESPONSE
616.799521	2	64	TRIAL_END
616.801556	2	64	CONSEQUENCE
616.801742	2	64	HIT
616.824204	2	65	IET R
617.016194	2	65	IET R
617.208191	2	65	IET R
621.813351	2	65	TRIAL_START
625.815502	2	65	TRIAL_END
625.816016	2	65	HIT
630.828336	2	66	TRIAL_START
632.256230	2	66	RESPONSE
632.464218	2	66	RESPONSE
632.640193	2	66	RESPONSE
632.808213	2	66	RESPONSE
632.984204	2	66	RESPONSE
633.168201	2	66	RESPONSE
633.336216	2	66	RESPONSE
633.528211	2	66	RESPONSE
633.720219	2	66	RESPONSE
633.896246	2	66	RESPONSE
634.072218	2	66	RESPONSE
634.264217	2	66	RESPONSE
634.464183	2	66	RESPONSE
634.648221	2	66	RESPONSE
634.829576	2	66	TRIAL_END
634.830358	2	66	CONSEQUENCE
634.830528	2	66	HIT
634.843063	2	67	IET R
635.032197	2	67	IET R
635.208405	2	67	IET R
639.858905	2	67	TRIAL_START
643.875813	2	67	TRIAL_END
643.876387	2	67	HIT
648.886977	2	68	TRIAL_START
652.896261	2	68	TRIAL_END
652.897079	2	68	HIT
657.903238	2	69	TRIAL_START
658.776299	2	69	RESPONSE
658.976234	2	69	RESPONSE
659.152228	2	69	RESPONSE
659.328262	2	69	RESPONSE
659.520245	2	69	RESPONSE
659.704252	2	69	RESPONSE
659.872269	2	69	RESPONSE
660.064277	2	69	RESPONSE
660.240321	2	69	RESPONSE
660.440211	2	69	RESPONSE
660.624201	2	69	RESPONSE
660.816233	2	69	RESPONSE
661.000239	2	69	RESPONSE
661.192236	2	69	RESPONSE
661.384489	2	69	RESPONSE
661.584257	2	69	RESPONSE
661.768268	2	69	RESPONSE
661.903874	2	69	TRIAL_END
661.904634	2	69	CONSEQUENCE
661.904812	2	69	HIT
661.968247	2	70	IET R
662.152285	2	70	IET R
662.328261	2	70	IET R
666.916600	2	70	TRIAL_START
670.918039	2	70	TRIAL_END
670.918987	2	70	HIT
675.927894	2	71	TRIAL_START
677.552292	2	71	RESPONSE
677.752216	2	71	RESPONSE
677.928240	2	71	RESPONSE
678.112272	2	71	RESPONSE
678.288301	2	71	RESPONSE
678.480228	2	71	RESPONSE
678.672401	2	71	RESPONSE
678.856232	2	71	RESPONSE
679.048244	2	71	RESPONSE
679.240266	2	71	RESPONSE
679.440265	2	71	RESPONSE
679.608549	2	71	RESPONSE
679.800251	2	71	RESPONSE
679.928903	2	71	TRIAL_END
679.929413	2	71	MISS
679.976363	2	72	IET R
680.184267	2	72	IET R
684.942635	2	72	TRIAL_START
686.080305	2	72	RESPONSE
686.296263	2	72	RESPONSE
686.480252	2	72	RESPONSE
686.664312	2	72	RESPONSE
686.856469	2	72	RESPONSE
687.032250	2	72	RESPONSE
687.232242	2	72	RESPONSE
687.424253	2	72	RESPONSE
687.608259	2	72	RESPONSE
687.808294	2	72	RESPONSE
688.008302	2	72	RESPONSE
688.208377	2	72	RESPONSE
688.416261	2	72	RESPONSE
688.608313	2	72	RESPONSE
688.808252	2	72	RESPONSE
688.943415	2	72	TRIAL_END
688.944316	2	72	CONSEQUENCE
688.944476	2	72	HIT
689.008563	2	73	IET R
689.200259	2	73	IET R
693.967157	2	73	TRIAL_START
694.944243	2	73	RESPONSE
695.168274	2	73	RESPONSE
695.360259	2	73	RESPONSE
695.536508	2	73	RESPONSE
695.744243	2	73	RESPONSE
695.920293	2	73	RESPONSE
696.104422	2	73	RESPONSE
696.296260	2	73	RESPONSE
696.480255	2	73	RESPONSE
696.672307	2	73	RESPONSE
696.856307	2	73	RESPONSE
697.064256	2	73	RESPONSE
697.272312	2	73	RESPONSE
697.448254	2	73	RESPONSE
697.648259	2	73	RESPONSE
697.864324	2	73	RESPONSE
697.967946	2	73	TRIAL_END
697.968937	2	73	MISS
698.080250	2	74	IET R
698.296324	2	74	IET R
698.504379	2	74	IET R
702.983182	2	74	TRIAL_START
706.990566	2	74	TRIAL_END
706.991305	2	74	HIT
712.005274	2	75	TRIAL_START
713.048280	2	75	RESPONSE
713.256276	2	75	RESPONSE
713.432399	2	75	RESPONSE
713.616271	2	75	RESPONSE
713.816272	2	75	RESPONSE
714.000268	2	75	RESPONSE
714.192312	2	75	RESPONSE
714.384304	2	75	RESPONSE
714.576285	2	75	RESPONSE
714.776281	2	75	RESPONSE
714.968296	2	75	RESPONSE
715.168274	2	75	RESPONSE
715.360335	2	75	RESPONSE
715.552275	2	75	RESPONSE
715.760349	2	75	RESPONSE
715.960282	2	75	RESPONSE
716.005642	2	75	TRIAL_END
716.006207	2	75	CONSEQUENCE
716.006325	2	75	HIT
716.160351	2	76	IET R
716.336267	2	76	IET R
721.015338	2	76	TRIAL_START
725.034061	2	76	TRIAL_END
725.034606	2	76	HIT
730.050447	2	77	TRIAL_START
731.168294	2	77	RESPONSE
731.368315	2	77	RESPONSE
731.552325	2	77	RESPONSE
731.752488	2	77	RESPONSE
731.928294	2	77	RESPONSE
732.120284	2	77	RESPONSE
732.288387	2	77	RESPONSE
732.480365	2	77	RESPONSE
732.672386	2	77	RESPONSE
732.856318	2	77	RESPONSE
733.048294	2	77	RESPONSE
733.240305	2	77	RESPONSE
733.424355	2	77	RESPONSE
733.608318	2	77	RESPONSE
733.800371	2	77	RESPONSE
733.992702	2	77	RESPONSE
734.051154	2	77	TRIAL_END
734.052086	2	77	CONSEQUENCE
734.052275	2	77	HIT
734.176278	2	78	IET R
734.368298	2	78	IET R
734.544401	2	78	IET R
739.061048	2	78	TRIAL_START
740.448290	2	78	RESPONSE
740.640270	2	78	RESPONSE
740.824751	2	78	RESPONSE
741.000306	2	78	RESPONSE
741.184325	2	78	RESPONSE
741.360693	2	78	RESPONSE
741.560574	2	78	RESPONSE
741.744465	2	78	RESPONSE
741.928319	2	78	RESPONSE
742.128300	2	78	RESPONSE
742.320360	2	78	RESPONSE
742.504307	2	78	RESPONSE
742.680386	2	78	RESPONSE
742.872417	2	78	RESPONSE
743.061827	2	78	TRIAL_END
743.062447	2	78	CONSEQUENCE
743.062571	2	78	HIT
743.076478	2	79	IET R
743.240442	2	79	IET R
743.424431	2	79	IET R
748.081931	2	79	TRIAL_START
752.087362	2	79	TRIAL_END
752.087885	2	79	HIT
757.103035	2	80	TRIAL_START
761.105429	2	80	TRIAL_END
761.106203	2	80	HIT
766.115133	2	81	TRIAL_START
770.131658	2	81	TRIAL_END
770.132177	2	81	HIT
775.162096	2	82	TRIAL_START
776.312358	2	82	RESPONSE
776.528367	2	82	RESPONSE
776.712410	2	82	RESPONSE
776.888339	2	82	RESPONSE
777.064405	2	82	RESPONSE
777.248357	2	82	RESPONSE
777.432483	2	82	RESPONSE
777.624338	2	82	RESPONSE
777.808450	2	82	RESPONSE
778.000378	2	82	RESPONSE
778.176409	2	82	RESPONSE
778.368426	2	82	RESPONSE
778.560357	2	82	RESPONSE
778.752413	2	82	RESPONSE
778.952352	2	82	RESPONSE
779.144457	2	82	RESPONSE
779.162728	2	82	TRIAL_END
779.163259	2	82	CONSEQUENCE
779.163393	2	82	HIT
779.344390	2	83	IET R
779.536355	2	83	IET R
784.184303	2	83	TRIAL_START
788.188413	2	83	TRIAL_END
788.188955	2	83	HIT
793.197920	2	84	TRIAL_START
797.202032	2	84	TRIAL_END
797.203049	2	84	HIT
802.217642	2	85	TRIAL_START
803.184374	2	85	RESPONSE
803.400432	2	85	RESPONSE
803.568400	2	85	RESPONSE
803.736556	2	85	RESPONSE
803.928421	2	85	RESPONSE
804.112474	2	85	RESPONSE
804.280431	2	85	RESPONSE
804.472436	2	85	RESPONSE
804.656375	2	85	RESPONSE
804.848366	2	85	RESPONSE
805.032371	2	85	RESPONSE
805.224424	2	85	RESPONSE
805.416444	2	85	RESPONSE
805.600517	2	85	RESPONSE
805.784363	2	85	RESPONSE
805.992437	2	85	RESPONSE
806.184384	2	85	RESPONSE
806.218658	2	85	TRIAL_END
806.219472	2	85	CONSEQUENCE
806.219654	2	85	HIT
806.360471	2	86	IET R
806.560422	2	86	IET R
811.228227	2	86	TRIAL_START
812.456407	2	86	RESPONSE
812.648372	2	86	RESPONSE
812.824394	2	86	RESPONSE
813.009055	2	86	RESPONSE
813.176401	2	86	RESPONSE
813.360860	2	86	RESPONSE
813.552463	2	86	RESPONSE
813.736368	2	86	RESPONSE
813.936411	2	86	RESPONSE
814.136409	2	86	RESPONSE
814.336386	2	86	RESPONSE
814.536366	2	86	RESPONSE
814.728432	2	86	RESPONSE
814.928437	2	86	RESPONSE
815.120382	2	86	RESPONSE
815.229046	2	86	TRIAL_END
815.230061	2	86	CONSEQUENCE
815.230237	2	86	HIT
815.328429	2	87	IET R
815.528491	2	87	IET R
820.239055	2	87	TRIAL_START
822.000469	2	87	RESPONSE
822.176391	2	87	RESPONSE
822.344392	2	87	RESPONSE
822.536396	2	87	RESPONSE
822.728439	2	87	RESPONSE
822.912431	2	87	RESPONSE
823.104409	2	87	RESPONSE
823.304389	2	87	RESPONSE
823.496433	2	87	RESPONSE
823.688384	2	87	RESPONSE
823.888383	2	87	RESPONSE
824.088391	2	87	RESPONSE
824.239413	2	87	TRIAL_END
824.240222	2	87	CONSEQUENCE
824.240402	2	87	HIT
824.272406	2	88	IET R
824.480453	2	88	IET R
829.264512	2	88	TRIAL_START
833.267141	2	88	TRIAL_END
833.267734	2	88	HIT
838.274686	2	89	TRIAL_START
842.275576	2	89	TRIAL_END
842.276343	2	89	HIT
847.291882	2	90	TRIAL_START
848.760499	2	90	RESPONSE
848.952721	2	90	RESPONSE
849.136532	2	90	RESPONSE
849.328435	2	90	RESPONSE
849.504431	2	90	RESPONSE
849.688501	2	90	RESPONSE
849.872462	2	90	RESPONSE
850.048657	2	90	RESPONSE
850.240491	2	90	RESPONSE
850.432431	2	90	RESPONSE
850.640439	2	90	RESPONSE
850.832434	2	90	RESPONSE
851.024441	2	90	RESPONSE
851.192675	2	90	RESPONSE
851.293402	2	90	TRIAL_END
851.293970	2	90	CONSEQUENCE
851.294126	2	90	HIT
851.386358	2	91	IET R
851.568502	2	91	IET R
856.304663	2	91	TRIAL_START
857.544442	2	91	RESPONSE
857.736529	2	91	RESPONSE
857.912464	2	91	RESPONSE
858.088448	2	91	RESPONSE
858.272447	2	91	RESPONSE
858.448487	2	91	RESPONSE
858.640499	2	91	RESPONSE
858.816510	2	91	RESPONSE
859.016511	2	91	RESPONSE
859.192445	2	91	RESPONSE
859.384534	2	91	RESPONSE
859.568495	2	91	RESPONSE
859.744527	2	91	RESPONSE
859.944446	2	91	RESPONSE
860.136443	2	91	RESPONSE
860.305451	2	91	TRIAL_END
860.306051	2	91	CONSEQUENCE
860.306170	2	91	HIT
860.320603	2	92	IET R
860.504490	2	92	IET R
860.648448	2	92	IET R
865.314521	2	92	TRIAL_START
869.330096	2	92	TRIAL_END
869.330688	2	92	HIT
874.351794	2	93	TRIAL_START
875.440472	2	93	RESPONSE
875.648453	2	93	RESPONSE
875.824470	2	93	RESPONSE
876.000468	2	93	RESPONSE
876.184461	2	93	RESPONSE
876.368454	2	93	RESPONSE
876.560495	2	93	RESPONSE
876.744763	2	93	RESPONSE
876.928557	2	93	RESPONSE
877.112587	2	93	RESPONSE
877.304492	2	93	RESPONSE
877.496454	2	93	RESPONSE
877.672579	2	93	RESPONSE
877.864497	2	93	RESPONSE
878.048475	2	93	RESPONSE
878.240490	2	93	RESPONSE
878.353173	2	93	TRIAL_END
878.353708	2	93	CONSEQUENCE
878.353822	2	93	HIT
878.432467	2	94	IET R
878.608510	2	94	IET R
878.776544	2	94	IET R
883.372163	2	94	TRIAL_START
884.352503	2	94	RESPONSE
884.552478	2	94	RESPONSE
884.744488	2	94	RESPONSE
884.912481	2	94	RESPONSE
885.096477	2	94	RESPONSE
885.296478	2	94	RESPONSE
885.472572	2	94	RESPONSE
885.656523	2	94	RESPONSE
885.848484	2	94	RESPONSE
886.032470	2	94	RESPONSE
886.216476	2	94	RESPONSE
886.416472	2	94	RESPONSE
886.608532	2	94	RESPONSE
886.800473	2	94	RESPONSE
886.992602	2	94	RESPONSE
887.168550	2	94	RESPONSE
887.344496	2	94	RESPONSE
887.372767	2	94	TRIAL_END
887.373487	2	94	CONSEQUENCE
887.373619	2	94	HIT
887.536512	2	95	IET R
892.381342	2	95	TRIAL_START
893.808637	2	95	RESPONSE
893.976515	2	95	RESPONSE
894.176501	2	95	RESPONSE
894.600505	2	95	RESPONSE
894.808512	2	95	RESPONSE
895.001606	2	95	RESPONSE
895.168527	2	95	RESPONSE
895.360544	2	95	RESPONSE
895.552522	2	95	RESPONSE
895.744574	2	95	RESPONSE
895.928482	2	95	RESPONSE
896.120510	2	95	RESPONSE
896.312492	2	95	RESPONSE
896.381936	2	95	TRIAL_END
896.382534	2	95	MISS
896.504540	2	96	IET R
896.704521	2	96	IET R
901.393453	2	96	TRIAL_START
903.216511	2	96	RESPONSE
903.400510	2	96	RESPONSE
903.592518	2	96	RESPONSE
903.776575	2	96	RESPONSE
903.968664	2	96	RESPONSE
904.144503	2	96	RESPONSE
904.328497	2	96	RESPONSE
904.512594	2	96	RESPONSE
904.696579	2	96	RESPONSE
904.880499	2	96	RESPONSE
905.072491	2	96	RESPONSE
905.248563	2	96	RESPONSE
905.394608	2	96	TRIAL_END
905.395146	2	96	CONSEQUENCE
905.395262	2	96	HIT
905.432581	2	97	IET R
905.624541	2	97	IET R
905.776509	2	97	IET R
910.425036	2	97	TRIAL_START
911.456594	2	97	RESPONSE
911.656611	2	97	RESPONSE
911.832606	2	97	RESPONSE
912.016533	2	97	RESPONSE
912.192532	2	97	RESPONSE
912.392511	2	97	RESPONSE
912.576527	2	97	RESPONSE
912.768593	2	97	RESPONSE
912.960584	2	97	RESPONSE
913.152561	2	97	RESPONSE
913.344561	2	97	RESPONSE
913.536595	2	97	RESPONSE
913.728539	2	97	RESPONSE
913.920655	2	97	RESPONSE
914.104521	2	97	RESPONSE
914.296547	2	97	RESPONSE
914.425713	2	97	TRIAL_END
914.426576	2	97	CONSEQUENCE
914.426759	2	97	HIT
914.496574	2	98	IET R
914.664623	2	98	IET R
914.808525	2	98	IET R
919.440949	2	98	TRIAL_START
923.454201	2	98	TRIAL_END
923.455162	2	98	HIT
928.475234	2	99	TRIAL_START
932.480086	2	99	TRIAL_END
932.480857	2	99	HIT
937.496382	2	100	TRIAL_START
941.499949	2	100	TRIAL_END
941.500480	2	100	HIT
946.509630	2	101	TRIAL_START
947.672575	2	101	RESPONSE
947.880570	2	101	RESPONSE
948.064574	2	101	RESPONSE
948.240605	2	101	RESPONSE
948.416636	2	101	RESPONSE
948.592628	2	101	RESPONSE
948.800562	2	101	RESPONSE
948.984610	2	101	RESPONSE
949.176658	2	101	RESPONSE
949.368618	2	101	RESPONSE
949.560683	2	101	RESPONSE
949.744888	2	101	RESPONSE
949.928574	2	101	RESPONSE
950.120608	2	101	RESPONSE
950.320639	2	101	RESPONSE
950.504570	2	101	RESPONSE
950.509742	2	101	TRIAL_END
950.510330	2	101	CONSEQUENCE
950.510449	2	101	HIT
950.704569	2	102	IET R
950.872575	2	102	IET R
955.539703	2	102	TRIAL_START
959.556453	2	102	TRIAL_END
959.557056	2	102	HIT
964.582498	2	103	TRIAL_START
968.597078	2	103	TRIAL_END
968.597592	2	103	HIT
973.617386	2	104	TRIAL_START
974.880629	2	104	RESPONSE
975.096616	2	104	RESPONSE
975.280672	2	104	RESPONSE
975.464609	2	104	RESPONSE
975.656594	2	104	RESPONSE
975.824597	2	104	RESPONSE
976.000679	2	104	RESPONSE
976.192611	2	104	RESPONSE
976.360598	2	104	RESPONSE
976.536646	2	104	RESPONSE
976.728674	2	104	RESPONSE
976.912641	2	104	RESPONSE
977.089035	2	104	RESPONSE
977.272672	2	104	RESPONSE
977.464611	2	104	RESPONSE
977.618501	2	104	TRIAL_END
977.619065	2	104	CONSEQUENCE
977.619187	2	104	HIT
977.648614	2	105	IET R
977.816919	2	105	IET R
978.008728	2	105	IET R
982.634533	2	105	TRIAL_START
986.638582	2	105	TRIAL_END
986.639396	2	105	HIT
991.650546	2	106	TRIAL_START
995.670470	2	106	TRIAL_END
995.671439	2	106	HIT
1000.700129	2	107	TRIAL_START
1001.872721	2	107	RESPONSE
1002.072670	2	107	RESPONSE
1002.248827	2	107	RESPONSE
1002.424649	2	107	RESPONSE
1002.608649	2	107	RESPONSE
1002.776664	2	107	RESPONSE
1002.952634	2	107	RESPONSE
1003.160653	2	107	RESPONSE
1003.336783	2	107	RESPONSE
1003.528672	2	107	RESPONSE
1003.720671	2	107	RESPONSE
1003.896665	2	107	RESPONSE
1004.064966	2	107	RESPONSE
1004.264839	2	107	RESPONSE
1004.464766	2	107	RESPONSE
1004.624721	2	107	RESPONSE
1004.701279	2	107	TRIAL_END
1004.702353	2	107	CONSEQUENCE
1004.702527	2	107	HIT
1004.816672	2	108	IET R
1005.024656	2	108	IET R
1009.729564	2	108	TRIAL_START
1010.912661	2	108	RESPONSE
1011.104677	2	108	RESPONSE
1011.272822	2	108	RESPONSE
1011.464690	2	108	RESPONSE
1011.648657	2	108	RESPONSE
1011.824696	2	108	RESPONSE
1012.000687	2	108	RESPONSE
1012.192668	2	108	RESPONSE
1012.376786	2	108	RESPONSE
1012.560683	2	108	RESPONSE
1012.736675	2	108	RESPONSE
1012.928709	2	108	RESPONSE
1013.096867	2	108	RESPONSE
1013.280653	2	108	RESPONSE
1013.472674	2	108	RESPONSE
1013.664678	2	108	RESPONSE
1013.730105	2	108	TRIAL_END
1013.730965	2	108	CONSEQUENCE
1013.731129	2	108	HIT
1013.840675	2	109	IET R
1014.016678	2	109	IET R
1014.168715	2	109	IET R
1018.748507	2	109	TRIAL_START
1020.152683	2	109	RESPONSE
1020.352729	2	109	RESPONSE
1020.528689	2	109	RESPONSE
1020.704722	2	109	RESPONSE
1020.880696	2	109	RESPONSE
1021.064718	2	109	RESPONSE
1021.240708	2	109	RESPONSE
1021.424863	2	109	RESPONSE
1021.624814	2	109	RESPONSE
1021.800691	2	109	RESPONSE
1021.976707	2	109	RESPONSE
1022.168703	2	109	RESPONSE
1022.352690	2	109	RESPONSE
1022.536690	2	109	RESPONSE
1022.712729	2	109	RESPONSE
1022.749014	2	109	TRIAL_END
1022.749551	2	109	CONSEQUENCE
1022.749669	2	109	HIT
1022.912859	2	110	IET R
1023.120730	2	110	IET R
1027.764903	2	110	TRIAL_START
1031.769184	2	110	TRIAL_END
1031.769687	2	110	HIT
1036.781034	2	111	TRIAL_START
1038.104749	2	111	RESPONSE
1038.312720	2	111	RESPONSE
1038.489673	2	111	RESPONSE
1038.640699	2	111	RESPONSE
1038.824733	2	111	RESPONSE
1039.008700	2	111	RESPONSE
1039.200713	2	111	RESPONSE
1039.384724	2	111	RESPONSE
1039.560721	2	111	RESPONSE
1039.752714	2	111	RESPONSE
1039.912751	2	111	RESPONSE
1040.096723	2	111	RESPONSE
1040.280747	2	111	RESPONSE
1040.472813	2	111	RESPONSE
1040.656753	2	111	RESPONSE
1040.781522	2	111	TRIAL_END
1040.782080	2	111	CONSEQUENCE
1040.782196	2	111	HIT
1040.848769	2	112	IET R
1041.032710	2	112	IET R
1045.812591	2	112	TRIAL_START
1046.968831	2	112	RESPONSE
1047.168820	2	112	RESPONSE
1047.360736	2	112	RESPONSE
1047.528755	2	112	RESPONSE
1047.712730	2	112	RESPONSE
1047.896730	2	112	RESPONSE
1048.088785	2	112	RESPONSE
1048.272731	2	112	RESPONSE
1048.472733	2	112	RESPONSE
1048.664726	2	112	RESPONSE
1048.872727	2	112	RESPONSE
1049.056757	2	112	RESPONSE
1049.240727	2	112	RESPONSE
1049.432739	2	112	RESPONSE
1049.600741	2	112	RESPONSE
1049.776756	2	112	RESPONSE
1049.813045	2	112	TRIAL_END
1049.813577	2	112	CONSEQUENCE
1049.813692	2	112	HIT
1049.952723	2	113	IET R
1050.152728	2	113	IET R
1054.839426	2	113	TRIAL_START
1058.854649	2	113	TRIAL_END
1058.855174	2	113	HIT
1063.871425	2	114	TRIAL_START
1064.888918	2	114	RESPONSE
1065.096771	2	114	RESPONSE
1065.272867	2	114	RESPONSE
1065.464749	2	114	RESPONSE
1065.648873	2	114	RESPONSE
1065.824807	2	114	RESPONSE
1066.008760	2	114	RESPONSE
1066.200740	2	114	RESPONSE
1066.376762	2	114	RESPONSE
1066.576762	2	114	RESPONSE
1066.768764	2	114	RESPONSE
1066.968758	2	114	RESPONSE
1067.152773	2	114	RESPONSE
1067.336802	2	114	RESPONSE
1067.528789	2	114	RESPONSE
1067.712783	2	114	RESPONSE
1067.871518	2	114	TRIAL_END
1067.872053	2	114	CONSEQUENCE
1067.872167	2	114	HIT
1067.912830	2	115	IET R
1068.088749	2	115	IET R
1072.882909	2	115	TRIAL_START
1076.887919	2	115	TRIAL_END
1076.888439	2	115	HIT
1081.900493	2	116	TRIAL_START
1085.904423	2	116	TRIAL_END
1085.905169	2	116	HIT
1090.937620	2	117	TRIAL_START
1094.957725	2	117	TRIAL_END
1094.958270	2	117	HIT
1099.978288	3	118	TRIAL_START
1109.982175	3	118	TRIAL_END
