time	bloc	trial	event
-0.013730	1	1	TRIAL_START
5.989785	1	1	TRIAL_END
6.992189	1	2	TRIAL_START
35.203995	1	2	TRIAL_END
36.235557	1	3	TRIAL_START
39.263756	1	3	RESPONSE
39.292880	1	3	CONSEQUENCE
39.463736	1	3	RESPONSE
39.647755	1	3	RESPONSE
39.815740	1	3	RESPONSE
39.983756	1	3	RESPONSE
40.143727	1	3	RESPONSE
40.144021	1	3	CONSEQUENCE
40.335727	1	3	RESPONSE
40.519733	1	3	RESPONSE
40.679717	1	3	RESPONSE
40.839779	1	3	RESPONSE
40.999780	1	3	RESPONSE
41.000023	1	3	CONSEQUENCE
41.175782	1	3	RESPONSE
41.335757	1	3	RESPONSE
41.511753	1	3	RESPONSE
41.687964	1	3	RESPONSE
41.863740	1	3	RESPONSE
41.863992	1	3	CONSEQUENCE
47.551760	1	3	RESPONSE
47.551999	1	3	CONSEQUENCE
47.719882	1	3	RESPONSE
47.871799	1	3	RESPONSE
48.023759	1	3	RESPONSE
48.183768	1	3	RESPONSE
48.327824	1	3	RESPONSE
48.471763	1	3	RESPONSE
48.472093	1	3	CONSEQUENCE
48.607743	1	3	RESPONSE
48.743736	1	3	RESPONSE
48.887779	1	3	RESPONSE
49.047774	1	3	RESPONSE
49.359770	1	3	RESPONSE
49.360010	1	3	CONSEQUENCE
51.695752	1	3	RESPONSE
51.695994	1	3	CONSEQUENCE
51.871792	1	3	RESPONSE
52.031749	1	3	RESPONSE
52.183778	1	3	RESPONSE
52.327859	1	3	RESPONSE
52.607755	1	3	RESPONSE
52.608008	1	3	CONSEQUENCE
52.759784	1	3	RESPONSE
52.911770	1	3	RESPONSE
53.055766	1	3	RESPONSE
53.183768	1	3	RESPONSE
53.335929	1	3	RESPONSE
53.487807	1	3	RESPONSE
53.488086	1	3	CONSEQUENCE
53.767766	1	3	RESPONSE
53.951863	1	3	RESPONSE
54.111798	1	3	RESPONSE
54.263815	1	3	RESPONSE
54.503833	1	3	RESPONSE
54.504373	1	3	CONSEQUENCE
55.583779	1	3	RESPONSE
55.584038	1	3	CONSEQUENCE
55.815769	1	3	RESPONSE
56.079767	1	3	RESPONSE
56.343755	1	3	RESPONSE
58.343768	1	3	RESPONSE
58.344048	1	3	CONSEQUENCE
58.623756	1	3	RESPONSE
58.871751	1	3	RESPONSE
66.239445	1	3	TRIAL_END
67.241898	1	4	TRIAL_START
77.246345	1	4	TRIAL_END
78.253193	2	5	TRIAL_START
82.255456	2	5	TRIAL_END
82.256012	2	5	HIT
90.264997	2	6	TRIAL_START
92.663819	2	6	RESPONSE
92.871836	2	6	RESPONSE
93.111820	2	6	RESPONSE
94.267007	2	6	TRIAL_END
94.267614	2	6	CONSEQUENCE
94.267747	2	6	HIT
102.276398	2	7	TRIAL_START
103.879880	2	7	RESPONSE
104.143827	2	7	RESPONSE
104.311840	2	7	RESPONSE
104.559881	2	7	RESPONSE
104.743824	2	7	RESPONSE
104.991941	2	7	RESPONSE
105.175917	2	7	RESPONSE
105.407840	2	7	RESPONSE
106.277875	2	7	TRIAL_END
106.278828	2	7	CONSEQUENCE
106.279034	2	7	HIT
114.286052	2	8	TRIAL_START
116.079956	2	8	RESPONSE
116.263851	2	8	RESPONSE
116.439863	2	8	RESPONSE
116.671852	2	8	RESPONSE
116.847860	2	8	RESPONSE
117.015866	2	8	RESPONSE
117.263863	2	8	RESPONSE
117.447857	2	8	RESPONSE
117.631863	2	8	RESPONSE
117.879859	2	8	RESPONSE
118.135854	2	8	RESPONSE
118.286749	2	8	TRIAL_END
118.287743	2	8	CONSEQUENCE
118.287942	2	8	HIT
118.367859	2	9	IET R
118.559837	2	9	IET R
126.296676	2	9	TRIAL_START
130.299361	2	9	TRIAL_END
130.300029	2	9	HIT
138.307629	2	10	TRIAL_START
140.687896	2	10	RESPONSE
140.879882	2	10	RESPONSE
141.071894	2	10	RESPONSE
141.279889	2	10	RESPONSE
141.455861	2	10	RESPONSE
141.847899	2	10	RESPONSE
142.119886	2	10	RESPONSE
142.295898	2	10	RESPONSE
142.308058	2	10	TRIAL_END
142.308615	2	10	MISS
142.575886	2	11	IET R
142.807892	2	11	IET R
150.316470	2	11	TRIAL_START
152.079889	2	11	RESPONSE
152.304018	2	11	RESPONSE
152.487908	2	11	RESPONSE
152.671916	2	11	RESPONSE
152.903948	2	11	RESPONSE
153.087902	2	11	RESPONSE
153.328044	2	11	RESPONSE
153.503925	2	11	RESPONSE
153.928054	2	11	RESPONSE
154.175932	2	11	RESPONSE
154.316778	2	11	TRIAL_END
154.317602	2	11	CONSEQUENCE
154.317772	2	11	HIT
154.375893	2	12	IET R
154.623880	2	12	IET R
162.328618	2	12	TRIAL_START
166.331469	2	12	TRIAL_END
166.332063	2	12	HIT
174.339341	2	13	TRIAL_START
176.031954	2	13	RESPONSE
176.207972	2	13	RESPONSE
176.415935	2	13	RESPONSE
176.631961	2	13	RESPONSE
176.831935	2	13	RESPONSE
177.031932	2	13	RESPONSE
177.248072	2	13	RESPONSE
177.471951	2	13	RESPONSE
177.711946	2	13	RESPONSE
177.919933	2	13	RESPONSE
178.143943	2	13	RESPONSE
178.339748	2	13	TRIAL_END
178.340564	2	13	CONSEQUENCE
178.340674	2	13	HIT
178.384215	2	14	IET R
178.583930	2	14	IET R
186.350254	2	14	TRIAL_START
187.791959	2	14	RESPONSE
188.047954	2	14	RESPONSE
188.279959	2	14	RESPONSE
188.472026	2	14	RESPONSE
188.671981	2	14	RESPONSE
188.919985	2	14	RESPONSE
189.111956	2	14	RESPONSE
189.351986	2	14	RESPONSE
189.536077	2	14	RESPONSE
189.792146	2	14	RESPONSE
189.991944	2	14	RESPONSE
190.263952	2	14	RESPONSE
190.351168	2	14	TRIAL_END
190.351767	2	14	CONSEQUENCE
190.351886	2	14	HIT
190.503937	2	15	IET R
198.359365	2	15	TRIAL_START
202.359938	2	15	TRIAL_END
202.360512	2	15	HIT
210.369528	2	16	TRIAL_START
214.370827	2	16	TRIAL_END
214.371383	2	16	HIT
222.381144	2	17	TRIAL_START
226.385189	2	17	TRIAL_END
226.385769	2	17	HIT
234.393107	2	18	TRIAL_START
235.416002	2	18	RESPONSE
235.656001	2	18	RESPONSE
235.856025	2	18	RESPONSE
236.112105	2	18	RESPONSE
236.312054	2	18	RESPONSE
236.520022	2	18	RESPONSE
236.760153	2	18	RESPONSE
236.960050	2	18	RESPONSE
237.224035	2	18	RESPONSE
237.456034	2	18	RESPONSE
237.720018	2	18	RESPONSE
237.984022	2	18	RESPONSE
238.176028	2	18	RESPONSE
238.393896	2	18	TRIAL_END
238.394514	2	18	CONSEQUENCE
238.394640	2	18	HIT
238.431993	2	19	IET R
238.640041	2	19	IET R
246.404639	2	19	TRIAL_START
250.407129	2	19	TRIAL_END
250.407741	2	19	HIT
258.414554	2	20	TRIAL_START
262.419458	2	20	TRIAL_END
262.420061	2	20	HIT
270.428281	2	21	TRIAL_START
274.429549	2	21	TRIAL_END
274.430144	2	21	HIT
282.441517	2	22	TRIAL_START
286.441937	2	22	TRIAL_END
286.442487	2	22	HIT
294.451405	2	23	TRIAL_START
295.728100	2	23	RESPONSE
295.952091	2	23	RESPONSE
296.168088	2	23	RESPONSE
296.368101	2	23	RESPONSE
296.616098	2	23	RESPONSE
296.888119	2	23	RESPONSE
297.144150	2	23	RESPONSE
297.264087	2	23	RESPONSE
297.456122	2	23	RESPONSE
297.712133	2	23	RESPONSE
297.960113	2	23	RESPONSE
298.160170	2	23	RESPONSE
298.416106	2	23	RESPONSE
298.452289	2	23	TRIAL_END
298.453318	2	23	CONSEQUENCE
298.453492	2	23	HIT
298.672107	2	24	IET R
306.460546	2	24	TRIAL_START
310.462830	2	24	TRIAL_END
310.463380	2	24	HIT
318.469887	2	25	TRIAL_START
319.432138	2	25	RESPONSE
319.640219	2	25	RESPONSE
319.880163	2	25	RESPONSE
320.104135	2	25	RESPONSE
320.368133	2	25	RESPONSE
320.608442	2	25	RESPONSE
320.816140	2	25	RESPONSE
321.072121	2	25	RESPONSE
321.296113	2	25	RESPONSE
321.672120	2	25	RESPONSE
321.920192	2	25	RESPONSE
322.152145	2	25	RESPONSE
322.368152	2	25	RESPONSE
322.470390	2	25	TRIAL_END
322.470924	2	25	CONSEQUENCE
322.471047	2	25	HIT
322.640148	2	26	IET R
322.832181	2	26	IET R
330.479465	2	26	TRIAL_START
331.360151	2	26	RESPONSE
331.576222	2	26	RESPONSE
331.776288	2	26	RESPONSE
332.016150	2	26	RESPONSE
332.240152	2	26	RESPONSE
332.480159	2	26	RESPONSE
332.704163	2	26	RESPONSE
332.968316	2	26	RESPONSE
333.224146	2	26	RESPONSE
333.456159	2	26	RESPONSE
333.704180	2	26	RESPONSE
333.928149	2	26	RESPONSE
334.176169	2	26	RESPONSE
334.456164	2	26	RESPONSE
334.480342	2	26	TRIAL_END
334.480915	2	26	CONSEQUENCE
334.481028	2	26	HIT
342.491517	2	27	TRIAL_START
343.360168	2	27	RESPONSE
343.560149	2	27	RESPONSE
343.808180	2	27	RESPONSE
344.024171	2	27	RESPONSE
344.328141	2	27	RESPONSE
344.528156	2	27	RESPONSE
344.800141	2	27	RESPONSE
345.000172	2	27	RESPONSE
345.264163	2	27	RESPONSE
345.472172	2	27	RESPONSE
345.736151	2	27	RESPONSE
345.984167	2	27	RESPONSE
346.208176	2	27	RESPONSE
346.464306	2	27	RESPONSE
346.492506	2	27	TRIAL_END
346.493475	2	27	CONSEQUENCE
346.493643	2	27	HIT
346.688174	2	28	IET R
354.502564	2	28	TRIAL_START
358.503572	2	28	TRIAL_END
358.504118	2	28	HIT
366.514071	2	29	TRIAL_START
367.304195	2	29	RESPONSE
367.544264	2	29	RESPONSE
367.744256	2	29	RESPONSE
368.000192	2	29	RESPONSE
368.200222	2	29	RESPONSE
368.456184	2	29	RESPONSE
368.696261	2	29	RESPONSE
368.952216	2	29	RESPONSE
369.176182	2	29	RESPONSE
369.424182	2	29	RESPONSE
369.672210	2	29	RESPONSE
369.920185	2	29	RESPONSE
370.128224	2	29	RESPONSE
370.392217	2	29	RESPONSE
370.514465	2	29	TRIAL_END
370.514998	2	29	CONSEQUENCE
370.515107	2	29	HIT
370.624217	2	30	IET R
370.880221	2	30	IET R
378.521557	2	30	TRIAL_START
379.624218	2	30	RESPONSE
379.824301	2	30	RESPONSE
380.056205	2	30	RESPONSE
380.272229	2	30	RESPONSE
380.544247	2	30	RESPONSE
380.960223	2	30	RESPONSE
381.176279	2	30	RESPONSE
381.424252	2	30	RESPONSE
381.632232	2	30	RESPONSE
381.864239	2	30	RESPONSE
382.104223	2	30	RESPONSE
382.352229	2	30	RESPONSE
382.522214	2	30	TRIAL_END
382.523043	2	30	CONSEQUENCE
382.523225	2	30	HIT
382.608197	2	31	IET R
390.531103	2	31	TRIAL_START
391.344271	2	31	RESPONSE
391.592388	2	31	RESPONSE
391.816227	2	31	RESPONSE
392.056245	2	31	RESPONSE
392.280303	2	31	RESPONSE
392.520243	2	31	RESPONSE
392.712244	2	31	RESPONSE
392.984228	2	31	RESPONSE
393.208224	2	31	RESPONSE
393.448228	2	31	RESPONSE
393.664251	2	31	RESPONSE
393.904249	2	31	RESPONSE
394.152241	2	31	RESPONSE
394.416241	2	31	RESPONSE
394.531461	2	31	TRIAL_END
394.532024	2	31	CONSEQUENCE
394.532137	2	31	HIT
394.624258	2	32	IET R
394.840308	2	32	IET R
402.543486	2	32	TRIAL_START
406.547441	2	32	TRIAL_END
406.547994	2	32	HIT
414.555848	2	33	TRIAL_START
418.556807	2	33	TRIAL_END
418.557348	2	33	HIT
426.566655	2	34	TRIAL_START
427.520267	2	34	RESPONSE
427.760275	2	34	RESPONSE
427.968289	2	34	RESPONSE
428.200245	2	34	RESPONSE
428.424281	2	34	RESPONSE
428.664252	2	34	RESPONSE
428.936282	2	34	RESPONSE
429.160357	2	34	RESPONSE
429.384303	2	34	RESPONSE
429.632257	2	34	RESPONSE
429.888268	2	34	RESPONSE
430.136290	2	34	RESPONSE
430.384287	2	34	RESPONSE
430.567005	2	34	TRIAL_END
430.567598	2	34	CONSEQUENCE
430.567705	2	34	HIT
430.600328	2	35	IET R
430.824286	2	35	IET R
438.574685	2	35	TRIAL_START
442.577309	2	35	TRIAL_END
442.578333	2	35	HIT
450.586557	2	36	TRIAL_START
454.588295	2	36	TRIAL_END
454.589084	2	36	HIT
462.600139	2	37	TRIAL_START
463.816325	2	37	RESPONSE
464.032327	2	37	RESPONSE
464.280323	2	37	RESPONSE
464.480342	2	37	RESPONSE
464.744344	2	37	RESPONSE
464.960346	2	37	RESPONSE
465.216341	2	37	RESPONSE
465.464366	2	37	RESPONSE
465.696354	2	37	RESPONSE
465.952361	2	37	RESPONSE
466.200503	2	37	RESPONSE
466.448335	2	37	RESPONSE
466.600631	2	37	TRIAL_END
466.601680	2	37	CONSEQUENCE
466.601895	2	37	HIT
466.720313	2	38	IET R
466.960312	2	38	IET R
474.610264	2	38	TRIAL_START
478.610733	2	38	TRIAL_END
478.611565	2	38	HIT
486.621232	2	39	TRIAL_START
490.623478	2	39	TRIAL_END
490.624058	2	39	HIT
498.631227	2	40	TRIAL_START
502.635256	2	40	TRIAL_END
502.635899	2	40	HIT
510.644189	2	41	TRIAL_START
511.680385	2	41	RESPONSE
511.912463	2	41	RESPONSE
512.168399	2	41	RESPONSE
512.368377	2	41	RESPONSE
512.672397	2	41	RESPONSE
512.920405	2	41	RESPONSE
513.144386	2	41	RESPONSE
513.440381	2	41	RESPONSE
513.680387	2	41	RESPONSE
513.936401	2	41	RESPONSE
514.192391	2	41	RESPONSE
514.544425	2	41	RESPONSE
514.644709	2	41	TRIAL_END
514.645701	2	41	CONSEQUENCE
514.645902	2	41	HIT
514.776407	2	42	IET R
522.655754	2	42	TRIAL_START
523.872419	2	42	RESPONSE
524.120415	2	42	RESPONSE
524.320422	2	42	RESPONSE
524.568415	2	42	RESPONSE
524.784440	2	42	RESPONSE
525.024409	2	42	RESPONSE
525.280493	2	42	RESPONSE
525.504400	2	42	RESPONSE
525.744484	2	42	RESPONSE
526.024441	2	42	RESPONSE
526.240437	2	42	RESPONSE
526.512423	2	42	RESPONSE
526.656717	2	42	TRIAL_END
526.657315	2	42	CONSEQUENCE
526.657433	2	42	HIT
526.784414	2	43	IET R
526.992469	2	43	IET R
534.681542	2	43	TRIAL_START
538.682236	2	43	TRIAL_END
538.682807	2	43	HIT
546.692864	2	44	TRIAL_START
547.664467	2	44	RESPONSE
547.856438	2	44	RESPONSE
548.168450	2	44	RESPONSE
548.360442	2	44	RESPONSE
548.624459	2	44	RESPONSE
548.880471	2	44	RESPONSE
549.128459	2	44	RESPONSE
549.352478	2	44	RESPONSE
549.632464	2	44	RESPONSE
549.856437	2	44	RESPONSE
550.112451	2	44	RESPONSE
550.320556	2	44	RESPONSE
550.608441	2	44	RESPONSE
550.693643	2	44	TRIAL_END
550.694247	2	44	CONSEQUENCE
550.694389	2	44	HIT
550.864469	2	45	IET R
551.088437	2	45	IET R
558.703147	2	45	TRIAL_START
562.707367	2	45	TRIAL_END
562.707923	2	45	HIT
570.716145	2	46	TRIAL_START
571.776465	2	46	RESPONSE
572.008476	2	46	RESPONSE
572.208463	2	46	RESPONSE
572.472462	2	46	RESPONSE
572.832527	2	46	RESPONSE
573.096512	2	46	RESPONSE
573.288608	2	46	RESPONSE
573.544515	2	46	RESPONSE
573.792495	2	46	RESPONSE
574.040552	2	46	RESPONSE
574.272482	2	46	RESPONSE
574.496519	2	46	RESPONSE
574.716758	2	46	TRIAL_END
574.717331	2	46	CONSEQUENCE
574.717447	2	46	HIT
574.744528	2	47	IET R
575.008488	2	47	IET R
582.724205	2	47	TRIAL_START
586.726722	2	47	TRIAL_END
586.727654	2	47	HIT
594.735536	2	48	TRIAL_START
596.032486	2	48	RESPONSE
596.320520	2	48	RESPONSE
596.528509	2	48	RESPONSE
596.768504	2	48	RESPONSE
597.056839	2	48	RESPONSE
597.304532	2	48	RESPONSE
597.552571	2	48	RESPONSE
597.824523	2	48	RESPONSE
598.104615	2	48	RESPONSE
598.352532	2	48	RESPONSE
598.632500	2	48	RESPONSE
598.735622	2	48	TRIAL_END
598.736194	2	48	CONSEQUENCE
598.736309	2	48	HIT
598.904501	2	49	IET R
599.144598	2	49	IET R
606.744281	2	49	TRIAL_START
607.800538	2	49	RESPONSE
608.112509	2	49	RESPONSE
608.336516	2	49	RESPONSE
608.600517	2	49	RESPONSE
608.848653	2	49	RESPONSE
609.064534	2	49	RESPONSE
609.312523	2	49	RESPONSE
609.576511	2	49	RESPONSE
609.856506	2	49	RESPONSE
610.112516	2	49	RESPONSE
610.360537	2	49	RESPONSE
610.688540	2	49	RESPONSE
610.744753	2	49	TRIAL_END
610.745303	2	49	CONSEQUENCE
610.745416	2	49	HIT
610.928541	2	50	IET R
611.184540	2	50	IET R
618.752046	2	50	TRIAL_START
619.752607	2	50	RESPONSE
620.008553	2	50	RESPONSE
620.240617	2	50	RESPONSE
620.488519	2	50	RESPONSE
620.728523	2	50	RESPONSE
620.992543	2	50	RESPONSE
621.328537	2	50	RESPONSE
621.576542	2	50	RESPONSE
621.808572	2	50	RESPONSE
622.112556	2	50	RESPONSE
622.344688	2	50	RESPONSE
622.624537	2	50	RESPONSE
622.752796	2	50	TRIAL_END
622.753432	2	50	CONSEQUENCE
622.753545	2	50	HIT
622.896536	2	51	IET R
623.112584	2	51	IET R
630.763634	2	51	TRIAL_START
631.992597	2	51	RESPONSE
632.248651	2	51	RESPONSE
632.448630	2	51	RESPONSE
632.720548	2	51	RESPONSE
632.968546	2	51	RESPONSE
633.200624	2	51	RESPONSE
633.440549	2	51	RESPONSE
633.688567	2	51	RESPONSE
633.944627	2	51	RESPONSE
634.192563	2	51	RESPONSE
634.496578	2	51	RESPONSE
634.728582	2	51	RESPONSE
634.763738	2	51	TRIAL_END
634.764302	2	51	CONSEQUENCE
634.764419	2	51	HIT
635.016562	2	52	IET R
642.775150	2	52	TRIAL_START
646.778766	2	52	TRIAL_END
646.779586	2	52	HIT
654.787294	2	53	TRIAL_START
656.040594	2	53	RESPONSE
656.296580	2	53	RESPONSE
656.488584	2	53	RESPONSE
656.736613	2	53	RESPONSE
657.000596	2	53	RESPONSE
657.224605	2	53	RESPONSE
657.488597	2	53	RESPONSE
657.760609	2	53	RESPONSE
658.016597	2	53	RESPONSE
658.280597	2	53	RESPONSE
658.512571	2	53	RESPONSE
658.787822	2	53	TRIAL_END
658.788388	2	53	CONSEQUENCE
658.788501	2	53	HIT
658.800747	2	54	IET R
659.072623	2	54	IET R
666.796999	2	54	TRIAL_START
670.797484	2	54	TRIAL_END
670.798444	2	54	HIT
678.804857	2	55	TRIAL_START
682.807614	2	55	TRIAL_END
682.808163	2	55	HIT
690.816121	2	56	TRIAL_START
692.080610	2	56	RESPONSE
692.312824	2	56	RESPONSE
692.568705	2	56	RESPONSE
692.824636	2	56	RESPONSE
693.072642	2	56	RESPONSE
693.376633	2	56	RESPONSE
693.624649	2	56	RESPONSE
693.888634	2	56	RESPONSE
694.160678	2	56	RESPONSE
694.480650	2	56	RESPONSE
694.768686	2	56	RESPONSE
694.816867	2	56	TRIAL_END
694.817398	2	56	CONSEQUENCE
694.817505	2	56	HIT
695.048649	2	57	IET R
702.828310	2	57	TRIAL_START
706.831442	2	57	TRIAL_END
706.832307	2	57	HIT
714.839986	2	58	TRIAL_START
716.096668	2	58	RESPONSE
716.328727	2	58	RESPONSE
716.568668	2	58	RESPONSE
716.792683	2	58	RESPONSE
717.072682	2	58	RESPONSE
717.336665	2	58	RESPONSE
717.600802	2	58	RESPONSE
717.848723	2	58	RESPONSE
718.096686	2	58	RESPONSE
718.344734	2	58	RESPONSE
718.624662	2	58	RESPONSE
718.840071	2	58	TRIAL_END
718.840629	2	58	CONSEQUENCE
718.840748	2	58	HIT
718.888701	2	59	IET R
719.136683	2	59	IET R
726.860725	3	59	TRIAL_START
736.863454	3	59	TRIAL_END
