time	bloc	trial	event
0.003308	1	1	TRIAL_START
6.020351	1	1	TRIAL_END
7.026111	1	2	TRIAL_START
66.533019	1	2	TRIAL_END
67.604844	1	3	TRIAL_START
70.251724	1	3	RESPONSE
70.279663	1	3	CONSEQUENCE
70.643700	1	3	RESPONSE
71.027715	1	3	RESPONSE
72.259812	1	3	RESPONSE
72.260062	1	3	CONSEQUENCE
72.739719	1	3	RESPONSE
73.171718	1	3	RESPONSE
73.171980	1	3	CONSEQUENCE
73.659730	1	3	RESPONSE
73.963847	1	3	RESPONSE
74.291724	1	3	RESPONSE
74.291994	1	3	CONSEQUENCE
74.595699	1	3	RESPONSE
74.939753	1	3	RESPONSE
75.251764	1	3	RESPONSE
75.252147	1	3	CONSEQUENCE
75.587713	1	3	RESPONSE
75.851765	1	3	RESPONSE
76.163708	1	3	RESPONSE
76.163946	1	3	CONSEQUENCE
76.475783	1	3	RESPONSE
76.811736	1	3	RESPONSE
77.091885	1	3	RESPONSE
77.092253	1	3	CONSEQUENCE
77.427737	1	3	RESPONSE
77.755712	1	3	RESPONSE
78.075739	1	3	RESPONSE
78.076049	1	3	CONSEQUENCE
78.403712	1	3	RESPONSE
78.723712	1	3	RESPONSE
79.043685	1	3	RESPONSE
79.043923	1	3	CONSEQUENCE
79.363709	1	3	RESPONSE
79.691690	1	3	RESPONSE
80.027679	1	3	RESPONSE
80.027927	1	3	CONSEQUENCE
80.347708	1	3	RESPONSE
80.691718	1	3	RESPONSE
80.995700	1	3	RESPONSE
80.995941	1	3	CONSEQUENCE
81.339722	1	3	RESPONSE
81.651691	1	3	RESPONSE
81.987819	1	3	RESPONSE
81.988105	1	3	CONSEQUENCE
82.323714	1	3	RESPONSE
82.659707	1	3	RESPONSE
82.987732	1	3	RESPONSE
82.987976	1	3	CONSEQUENCE
83.331695	1	3	RESPONSE
83.659686	1	3	RESPONSE
83.979742	1	3	RESPONSE
83.980108	1	3	CONSEQUENCE
84.331715	1	3	RESPONSE
84.651698	1	3	RESPONSE
84.971766	1	3	RESPONSE
84.972032	1	3	CONSEQUENCE
85.307686	1	3	RESPONSE
85.635661	1	3	RESPONSE
85.995704	1	3	RESPONSE
85.995972	1	3	CONSEQUENCE
86.347694	1	3	RESPONSE
86.651708	1	3	RESPONSE
87.003683	1	3	RESPONSE
87.003943	1	3	CONSEQUENCE
87.355693	1	3	RESPONSE
87.683677	1	3	RESPONSE
88.011718	1	3	RESPONSE
88.012080	1	3	CONSEQUENCE
88.379721	1	3	RESPONSE
88.739660	1	3	RESPONSE
89.115688	1	3	RESPONSE
89.115949	1	3	CONSEQUENCE
89.531674	1	3	RESPONSE
89.907707	1	3	RESPONSE
90.283687	1	3	RESPONSE
90.283935	1	3	CONSEQUENCE
90.651713	1	3	RESPONSE
91.003671	1	3	RESPONSE
91.379701	1	3	RESPONSE
91.379950	1	3	CONSEQUENCE
91.699690	1	3	RESPONSE
92.051647	1	3	RESPONSE
92.403660	1	3	RESPONSE
92.404020	1	3	CONSEQUENCE
92.723680	1	3	RESPONSE
93.075681	1	3	RESPONSE
93.403689	1	3	RESPONSE
93.403983	1	3	CONSEQUENCE
93.779711	1	3	RESPONSE
94.131737	1	3	RESPONSE
94.507678	1	3	RESPONSE
94.507960	1	3	CONSEQUENCE
94.867661	1	3	RESPONSE
95.235680	1	3	RESPONSE
95.619666	1	3	RESPONSE
95.619957	1	3	CONSEQUENCE
95.971655	1	3	RESPONSE
96.347677	1	3	RESPONSE
96.699686	1	3	RESPONSE
96.699977	1	3	CONSEQUENCE
97.027671	1	3	RESPONSE
97.371663	1	3	RESPONSE
97.605815	1	3	TRIAL_END
97.691690	1	4	IET R
98.609004	1	4	TRIAL_START
108.611156	1	4	TRIAL_END
109.623488	2	5	TRIAL_START
113.626635	2	5	TRIAL_END
113.627222	2	5	HIT
121.636276	2	6	TRIAL_START
125.648793	2	6	TRIAL_END
125.649732	2	6	HIT
133.656923	2	7	TRIAL_START
135.219580	2	7	RESPONSE
136.371571	2	7	RESPONSE
136.771586	2	7	RESPONSE
137.661966	2	7	TRIAL_END
137.662970	2	7	CONSEQUENCE
137.663156	2	7	HIT
137.859770	2	8	IET R
138.659587	2	8	IET R
139.451626	2	8	IET R
144.931568	2	8	IET R
145.571572	2	8	IET R
145.670244	2	8	TRIAL_START
146.459578	2	8	RESPONSE
146.875550	2	8	RESPONSE
147.691691	2	8	RESPONSE
148.027615	2	8	RESPONSE
148.475558	2	8	RESPONSE
149.203576	2	8	RESPONSE
149.670552	2	8	TRIAL_END
149.671185	2	8	MISS
149.819569	2	9	IET R
154.475545	2	9	IET R
154.859603	2	9	IET R
155.363551	2	9	IET R
155.763554	2	9	IET R
156.211580	2	9	IET R
156.747543	2	9	IET R
157.155608	2	9	IET R
157.679272	2	9	TRIAL_START
157.907569	2	9	RESPONSE
158.403509	2	9	RESPONSE
158.867562	2	9	RESPONSE
159.227584	2	9	RESPONSE
159.635554	2	9	RESPONSE
160.043592	2	9	RESPONSE
160.747528	2	9	RESPONSE
161.075535	2	9	RESPONSE
161.419540	2	9	RESPONSE
161.680209	2	9	TRIAL_END
161.681107	2	9	MISS
165.027523	2	10	IET R
165.547544	2	10	IET R
165.883554	2	10	IET R
166.243516	2	10	IET R
166.859517	2	10	IET R
167.139578	2	10	IET R
167.467563	2	10	IET R
167.795529	2	10	IET R
169.694772	2	10	TRIAL_START
170.451520	2	10	RESPONSE
170.803507	2	10	RESPONSE
171.107515	2	10	RESPONSE
171.507489	2	10	RESPONSE
171.891508	2	10	RESPONSE
172.283669	2	10	RESPONSE
172.699548	2	10	RESPONSE
173.091513	2	10	RESPONSE
173.387568	2	10	RESPONSE
173.675518	2	10	RESPONSE
173.695733	2	10	TRIAL_END
173.696293	2	10	CONSEQUENCE
173.696404	2	10	HIT
173.971483	2	11	IET R
175.803501	2	11	IET R
176.275632	2	11	IET R
176.827499	2	11	IET R
177.307529	2	11	IET R
178.523479	2	11	IET R
179.139516	2	11	IET R
179.467552	2	11	IET R
179.811494	2	11	IET R
180.115525	2	11	IET R
180.507484	2	11	IET R
181.043490	2	11	IET R
181.355486	2	11	IET R
181.703803	2	11	TRIAL_START
181.827495	2	11	RESPONSE
182.267527	2	11	RESPONSE
182.779506	2	11	RESPONSE
183.275491	2	11	RESPONSE
183.555506	2	11	RESPONSE
183.859505	2	11	RESPONSE
184.211499	2	11	RESPONSE
184.571496	2	11	RESPONSE
184.963543	2	11	RESPONSE
185.475520	2	11	RESPONSE
185.704702	2	11	TRIAL_END
185.705677	2	11	CONSEQUENCE
185.705857	2	11	HIT
185.787481	2	12	IET R
186.763466	2	12	IET R
187.403483	2	12	IET R
188.419513	2	12	IET R
189.059489	2	12	IET R
189.531561	2	12	IET R
190.011474	2	12	IET R
190.699551	2	12	IET R
191.051481	2	12	IET R
191.419483	2	12	IET R
192.235492	2	12	IET R
192.619449	2	12	IET R
192.971483	2	12	IET R
193.283470	2	12	IET R
193.715394	2	12	TRIAL_START
194.011456	2	12	RESPONSE
194.539479	2	12	RESPONSE
194.859474	2	12	RESPONSE
195.195494	2	12	RESPONSE
195.547455	2	12	RESPONSE
195.883454	2	12	RESPONSE
196.219450	2	12	RESPONSE
196.595496	2	12	RESPONSE
196.995545	2	12	RESPONSE
197.555476	2	12	RESPONSE
197.716384	2	12	TRIAL_END
197.717321	2	12	CONSEQUENCE
197.717486	2	12	HIT
197.907502	2	13	IET R
198.387466	2	13	IET R
199.563432	2	13	IET R
200.011473	2	13	IET R
200.651458	2	13	IET R
201.387440	2	13	IET R
205.730632	2	13	TRIAL_START
206.267490	2	13	RESPONSE
206.579437	2	13	RESPONSE
207.059435	2	13	RESPONSE
207.395425	2	13	RESPONSE
207.739441	2	13	RESPONSE
208.099455	2	13	RESPONSE
208.499424	2	13	RESPONSE
208.859427	2	13	RESPONSE
209.211441	2	13	RESPONSE
209.547482	2	13	RESPONSE
209.731277	2	13	TRIAL_END
209.731854	2	13	CONSEQUENCE
209.731965	2	13	HIT
209.867469	2	14	IET R
210.419460	2	14	IET R
210.867475	2	14	IET R
211.491428	2	14	IET R
215.579463	2	14	IET R
216.235439	2	14	IET R
216.603468	2	14	IET R
217.744107	2	14	TRIAL_START
218.219395	2	14	RESPONSE
218.859422	2	14	RESPONSE
219.395398	2	14	RESPONSE
220.083414	2	14	RESPONSE
220.419417	2	14	RESPONSE
220.779449	2	14	RESPONSE
221.163494	2	14	RESPONSE
221.747511	2	14	TRIAL_END
221.748017	2	14	MISS
228.003394	2	15	IET R
229.619430	2	15	IET R
229.755793	2	15	TRIAL_START
230.267407	2	15	RESPONSE
230.859397	2	15	RESPONSE
231.139393	2	15	RESPONSE
231.451423	2	15	RESPONSE
231.787413	2	15	RESPONSE
232.059372	2	15	RESPONSE
232.403456	2	15	RESPONSE
232.731420	2	15	RESPONSE
233.059377	2	15	RESPONSE
233.758513	2	15	TRIAL_END
233.759513	2	15	CONSEQUENCE
233.759680	2	15	HIT
234.163381	2	16	IET R
238.211364	2	16	IET R
239.147374	2	16	IET R
239.579430	2	16	IET R
240.035367	2	16	IET R
240.467370	2	16	IET R
240.867352	2	16	IET R
241.768534	2	16	TRIAL_START
242.499467	2	16	RESPONSE
242.803357	2	16	RESPONSE
243.147359	2	16	RESPONSE
243.467347	2	16	RESPONSE
244.139378	2	16	RESPONSE
244.747356	2	16	RESPONSE
245.331390	2	16	RESPONSE
245.643353	2	16	RESPONSE
245.769967	2	16	TRIAL_END
245.770487	2	16	MISS
245.995384	2	17	IET R
251.115386	2	17	IET R
253.779376	2	17	TRIAL_START
254.995346	2	17	RESPONSE
255.347335	2	17	RESPONSE
255.699342	2	17	RESPONSE
256.043352	2	17	RESPONSE
256.411342	2	17	RESPONSE
256.779355	2	17	RESPONSE
257.115348	2	17	RESPONSE
257.467309	2	17	RESPONSE
257.781978	2	17	TRIAL_END
257.782487	2	17	MISS
258.107371	2	18	IET R
265.794755	2	18	TRIAL_START
266.939311	2	18	RESPONSE
267.251307	2	18	RESPONSE
267.555355	2	18	RESPONSE
269.802073	2	18	TRIAL_END
269.802634	2	18	MISS
277.830312	2	19	TRIAL_START
281.845943	2	19	TRIAL_END
281.846562	2	19	MISS
289.857155	2	20	TRIAL_START
291.155247	2	20	RESPONSE
291.443268	2	20	RESPONSE
291.715256	2	20	RESPONSE
292.107282	2	20	RESPONSE
292.507371	2	20	RESPONSE
292.819276	2	20	RESPONSE
293.099263	2	20	RESPONSE
293.860260	2	20	TRIAL_END
293.861030	2	20	MISS
301.875866	2	21	TRIAL_START
303.627299	2	21	RESPONSE
303.971282	2	21	RESPONSE
304.331237	2	21	RESPONSE
304.611241	2	21	RESPONSE
304.979282	2	21	RESPONSE
305.877963	2	21	TRIAL_END
305.878722	2	21	CONSEQUENCE
305.878890	2	21	HIT
313.888810	2	22	TRIAL_START
316.971254	2	22	RESPONSE
317.267257	2	22	RESPONSE
317.587194	2	22	RESPONSE
317.889979	2	22	TRIAL_END
317.890514	2	22	CONSEQUENCE
317.890633	2	22	HIT
317.904819	2	23	IET R
325.907447	2	23	TRIAL_START
329.915624	2	23	TRIAL_END
329.916174	2	23	HIT
337.947988	2	24	TRIAL_START
340.747150	2	24	RESPONSE
341.051157	2	24	RESPONSE
341.387209	2	24	RESPONSE
341.699206	2	24	RESPONSE
341.948676	2	24	TRIAL_END
341.949611	2	24	CONSEQUENCE
341.949774	2	24	HIT
341.995228	2	25	IET R
342.275331	2	25	IET R
349.963780	2	25	TRIAL_START
351.683116	2	25	RESPONSE
351.987120	2	25	RESPONSE
352.283127	2	25	RESPONSE
353.965961	2	25	TRIAL_END
353.966794	2	25	CONSEQUENCE
353.966959	2	25	HIT
361.993654	2	26	TRIAL_START
365.996562	2	26	TRIAL_END
365.997091	2	26	HIT
374.006629	2	27	TRIAL_START
375.531099	2	27	RESPONSE
375.851082	2	27	RESPONSE
376.139087	2	27	RESPONSE
378.011429	2	27	TRIAL_END
378.012016	2	27	CONSEQUENCE
378.012125	2	27	HIT
386.021571	2	28	TRIAL_START
387.907104	2	28	RESPONSE
388.227062	2	28	RESPONSE
388.491065	2	28	RESPONSE
390.029838	2	28	TRIAL_END
390.030424	2	28	CONSEQUENCE
390.030535	2	28	HIT
398.059579	2	29	TRIAL_START
400.067038	2	29	RESPONSE
400.347108	2	29	RESPONSE
400.627133	2	29	RESPONSE
402.062026	2	29	TRIAL_END
402.062905	2	29	CONSEQUENCE
402.063020	2	29	HIT
410.078780	2	30	TRIAL_START
414.081962	2	30	TRIAL_END
414.082580	2	30	HIT
422.102539	2	31	TRIAL_START
426.114999	2	31	TRIAL_END
426.115881	2	31	HIT
434.123104	2	32	TRIAL_START
435.378960	2	32	RESPONSE
435.690957	2	32	RESPONSE
435.995014	2	32	RESPONSE
438.133783	2	32	TRIAL_END
438.134333	2	32	CONSEQUENCE
438.134446	2	32	HIT
446.168467	2	33	TRIAL_START
450.173936	2	33	TRIAL_END
450.174461	2	33	HIT
458.204254	2	34	TRIAL_START
459.291201	2	34	RESPONSE
459.603170	2	34	RESPONSE
459.915195	2	34	RESPONSE
462.205995	2	34	TRIAL_END
462.206764	2	34	CONSEQUENCE
462.206933	2	34	HIT
470.219741	2	35	TRIAL_START
474.221514	2	35	TRIAL_END
474.222456	2	35	HIT
482.229501	2	36	TRIAL_START
486.241971	2	36	TRIAL_END
486.242776	2	36	HIT
494.253338	2	37	TRIAL_START
495.580396	2	37	RESPONSE
495.924406	2	37	RESPONSE
498.265181	2	37	TRIAL_END
498.266128	2	37	CONSEQUENCE
498.266289	2	37	HIT
506.286489	2	38	TRIAL_START
508.036775	2	38	RESPONSE
508.324797	2	38	RESPONSE
510.287615	2	38	TRIAL_END
510.288400	2	38	CONSEQUENCE
510.288573	2	38	HIT
518.316532	2	39	TRIAL_START
522.318999	2	39	TRIAL_END
522.319794	2	39	HIT
530.331781	2	40	TRIAL_START
534.335646	2	40	TRIAL_END
534.336575	2	40	HIT
542.358794	2	41	TRIAL_START
546.366028	2	41	TRIAL_END
546.366865	2	41	HIT
554.377241	2	42	TRIAL_START
555.790343	2	42	RESPONSE
556.142278	2	42	RESPONSE
558.378546	2	42	TRIAL_END
558.379112	2	42	CONSEQUENCE
558.379293	2	42	HIT
566.389701	2	43	TRIAL_START
570.397980	2	43	TRIAL_END
570.398509	2	43	HIT
578.429864	2	44	TRIAL_START
582.449124	2	44	TRIAL_END
582.449683	2	44	HIT
590.463787	2	45	TRIAL_START
591.575266	2	45	RESPONSE
591.919336	2	45	RESPONSE
594.467823	2	45	TRIAL_END
594.468490	2	45	CONSEQUENCE
594.468664	2	45	HIT
602.492456	2	46	TRIAL_START
606.506363	2	46	TRIAL_END
606.507141	2	46	HIT
614.518363	2	47	TRIAL_START
615.864055	2	47	RESPONSE
616.215926	2	47	RESPONSE
618.530555	2	47	TRIAL_END
618.531101	2	47	CONSEQUENCE
618.531211	2	47	HIT
626.549168	2	48	TRIAL_START
630.558411	2	48	TRIAL_END
630.558939	2	48	HIT
638.568700	2	49	TRIAL_START
642.584436	2	49	TRIAL_END
642.584945	2	49	HIT
650.619902	2	50	TRIAL_START
652.488858	2	50	RESPONSE
652.776938	2	50	RESPONSE
654.624644	2	50	TRIAL_END
654.625242	2	50	CONSEQUENCE
654.625404	2	50	HIT
662.633376	2	51	TRIAL_START
666.638661	2	51	TRIAL_END
666.639416	2	51	HIT
674.649745	2	52	TRIAL_START
675.657443	2	52	RESPONSE
675.985408	2	52	RESPONSE
678.663877	2	52	TRIAL_END
678.664383	2	52	CONSEQUENCE
678.664492	2	52	HIT
686.686123	2	53	TRIAL_START
688.105842	2	53	RESPONSE
688.409704	2	53	RESPONSE
690.689479	2	53	TRIAL_END
690.690288	2	53	CONSEQUENCE
690.690460	2	53	HIT
698.699076	2	54	TRIAL_START
699.881998	2	54	RESPONSE
700.162002	2	54	RESPONSE
702.709950	2	54	TRIAL_END
702.710482	2	54	CONSEQUENCE
702.710589	2	54	HIT
710.726822	2	55	TRIAL_START
712.570269	2	55	RESPONSE
712.882300	2	55	RESPONSE
714.731481	2	55	TRIAL_END
714.732033	2	55	CONSEQUENCE
714.732148	2	55	HIT
722.739170	2	56	TRIAL_START
726.742396	2	56	TRIAL_END
726.743209	2	56	HIT
734.754077	2	57	TRIAL_START
738.774093	2	57	TRIAL_END
738.774894	2	57	HIT
746.795374	2	58	TRIAL_START
748.531071	2	58	RESPONSE
748.851029	2	58	RESPONSE
750.801960	2	58	TRIAL_END
750.802910	2	58	CONSEQUENCE
750.803071	2	58	HIT
758.821339	3	59	TRIAL_START
768.835194	3	59	TRIAL_END
