time	bloc	trial	event
-0.012158	1	1	TRIAL_START
5.992834	1	1	TRIAL_END
6.999230	1	2	TRIAL_START
30.652748	1	2	TRIAL_END
31.679182	1	3	TRIAL_START
34.156000	1	3	RESPONSE
34.157109	1	3	CONSEQUENCE
34.404024	1	3	RESPONSE
34.652017	1	3	RESPONSE
34.908104	1	3	RESPONSE
35.156084	1	3	RESPONSE
35.156337	1	3	CONSEQUENCE
35.404084	1	3	RESPONSE
35.644043	1	3	RESPONSE
35.924045	1	3	RESPONSE
36.164162	1	3	RESPONSE
36.164463	1	3	CONSEQUENCE
36.404028	1	3	RESPONSE
36.660025	1	3	RESPONSE
36.916071	1	3	RESPONSE
37.148018	1	3	RESPONSE
37.148260	1	3	CONSEQUENCE
37.476053	1	3	RESPONSE
38.380070	1	3	RESPONSE
38.380353	1	3	CONSEQUENCE
47.500055	1	3	RESPONSE
47.500473	1	3	CONSEQUENCE
47.716067	1	3	RESPONSE
47.924096	1	3	RESPONSE
48.140082	1	3	RESPONSE
48.348062	1	3	RESPONSE
48.348322	1	3	CONSEQUENCE
48.564131	1	3	RESPONSE
48.772083	1	3	RESPONSE
48.980346	1	3	RESPONSE
49.188080	1	3	RESPONSE
49.188335	1	3	CONSEQUENCE
49.404100	1	3	RESPONSE
49.612072	1	3	RESPONSE
49.820061	1	3	RESPONSE
50.044086	1	3	RESPONSE
50.044544	1	3	CONSEQUENCE
50.260079	1	3	RESPONSE
50.468063	1	3	RESPONSE
50.676103	1	3	RESPONSE
56.708107	1	3	RESPONSE
56.708474	1	3	CONSEQUENCE
56.964240	1	3	RESPONSE
57.180093	1	3	RESPONSE
57.412195	1	3	RESPONSE
57.636141	1	3	RESPONSE
57.636398	1	3	CONSEQUENCE
57.852106	1	3	RESPONSE
58.076131	1	3	RESPONSE
58.300272	1	3	RESPONSE
58.524116	1	3	RESPONSE
58.524379	1	3	CONSEQUENCE
58.724107	1	3	RESPONSE
58.940101	1	3	RESPONSE
59.148113	1	3	RESPONSE
59.356100	1	3	RESPONSE
59.356424	1	3	CONSEQUENCE
59.572142	1	3	RESPONSE
59.788146	1	3	RESPONSE
60.004216	1	3	RESPONSE
60.220119	1	3	RESPONSE
60.220374	1	3	CONSEQUENCE
60.436125	1	3	RESPONSE
60.628215	1	3	RESPONSE
60.852115	1	3	RESPONSE
61.068145	1	3	RESPONSE
61.068415	1	3	CONSEQUENCE
61.276111	1	3	RESPONSE
61.500159	1	3	RESPONSE
61.680302	1	3	TRIAL_END
61.724122	1	4	IET R
61.948130	1	4	IET R
62.180121	1	4	IET R
62.684962	1	4	TRIAL_START
72.698077	1	4	TRIAL_END
73.711579	2	5	TRIAL_START
77.724142	2	5	TRIAL_END
77.724640	2	5	MISS
85.733656	2	6	TRIAL_START
86.164251	2	6	RESPONSE
89.739129	2	6	TRIAL_END
89.739877	2	6	MISS
97.749256	2	7	TRIAL_START
98.820294	2	7	RESPONSE
99.020268	2	7	RESPONSE
99.220256	2	7	RESPONSE
99.428264	2	7	RESPONSE
99.628275	2	7	RESPONSE
99.828287	2	7	RESPONSE
100.028271	2	7	RESPONSE
100.220283	2	7	RESPONSE
100.428313	2	7	RESPONSE
100.636372	2	7	RESPONSE
100.852420	2	7	RESPONSE
101.068360	2	7	RESPONSE
101.300290	2	7	RESPONSE
101.548284	2	7	RESPONSE
101.750064	2	7	TRIAL_END
101.750788	2	7	CONSEQUENCE
101.750899	2	7	HIT
101.820310	2	8	IET R
109.780121	2	8	TRIAL_START
110.828322	2	8	RESPONSE
111.028316	2	8	RESPONSE
111.228322	2	8	RESPONSE
111.420326	2	8	RESPONSE
111.628320	2	8	RESPONSE
111.836296	2	8	RESPONSE
112.028343	2	8	RESPONSE
112.220372	2	8	RESPONSE
112.428326	2	8	RESPONSE
112.612326	2	8	RESPONSE
112.788343	2	8	RESPONSE
112.996430	2	8	RESPONSE
113.164302	2	8	RESPONSE
113.356319	2	8	RESPONSE
113.588323	2	8	RESPONSE
113.781452	2	8	TRIAL_END
113.782389	2	8	MISS
113.812308	2	9	IET R
114.028342	2	9	IET R
114.220330	2	9	IET R
121.795276	2	9	TRIAL_START
122.516352	2	9	RESPONSE
122.748331	2	9	RESPONSE
122.940522	2	9	RESPONSE
123.132366	2	9	RESPONSE
123.324509	2	9	RESPONSE
123.540350	2	9	RESPONSE
123.772339	2	9	RESPONSE
123.980399	2	9	RESPONSE
124.212371	2	9	RESPONSE
124.428340	2	9	RESPONSE
124.620380	2	9	RESPONSE
124.860482	2	9	RESPONSE
125.798069	2	9	TRIAL_END
125.799003	2	9	MISS
133.823232	2	10	TRIAL_START
136.228397	2	10	RESPONSE
136.428441	2	10	RESPONSE
136.644462	2	10	RESPONSE
136.884454	2	10	RESPONSE
137.100487	2	10	RESPONSE
137.292441	2	10	RESPONSE
137.492480	2	10	RESPONSE
137.700412	2	10	RESPONSE
137.824154	2	10	TRIAL_END
137.824694	2	10	MISS
137.932371	2	11	IET R
138.124456	2	11	IET R
138.300392	2	11	IET R
145.835741	2	11	TRIAL_START
149.854174	2	11	TRIAL_END
149.854732	2	11	HIT
157.867822	2	12	TRIAL_START
159.548481	2	12	RESPONSE
159.756485	2	12	RESPONSE
159.972549	2	12	RESPONSE
160.180481	2	12	RESPONSE
160.388552	2	12	RESPONSE
160.580487	2	12	RESPONSE
160.772656	2	12	RESPONSE
160.980503	2	12	RESPONSE
161.196492	2	12	RESPONSE
161.396502	2	12	RESPONSE
161.604550	2	12	RESPONSE
161.828465	2	12	RESPONSE
161.868851	2	12	TRIAL_END
161.869609	2	12	CONSEQUENCE
161.869800	2	12	HIT
162.028473	2	13	IET R
162.228486	2	13	IET R
162.404712	2	13	IET R
169.901087	2	13	TRIAL_START
171.044804	2	13	RESPONSE
171.244557	2	13	RESPONSE
171.428708	2	13	RESPONSE
171.604528	2	13	RESPONSE
171.788526	2	13	RESPONSE
171.980557	2	13	RESPONSE
172.172547	2	13	RESPONSE
172.380550	2	13	RESPONSE
172.572543	2	13	RESPONSE
172.788516	2	13	RESPONSE
172.988552	2	13	RESPONSE
173.188556	2	13	RESPONSE
173.372538	2	13	RESPONSE
173.548555	2	13	RESPONSE
173.748706	2	13	RESPONSE
173.901501	2	13	TRIAL_END
173.902077	2	13	CONSEQUENCE
173.902194	2	13	HIT
173.932533	2	14	IET R
174.140545	2	14	IET R
174.316548	2	14	IET R
181.915270	2	14	TRIAL_START
185.918192	2	14	TRIAL_END
185.918979	2	14	HIT
193.943093	2	15	TRIAL_START
194.964625	2	15	RESPONSE
195.172625	2	15	RESPONSE
195.364620	2	15	RESPONSE
195.556645	2	15	RESPONSE
195.732624	2	15	RESPONSE
195.916629	2	15	RESPONSE
196.084628	2	15	RESPONSE
196.268633	2	15	RESPONSE
196.476794	2	15	RESPONSE
196.668620	2	15	RESPONSE
196.884647	2	15	RESPONSE
197.084688	2	15	RESPONSE
197.300633	2	15	RESPONSE
197.484640	2	15	RESPONSE
197.668640	2	15	RESPONSE
197.860742	2	15	RESPONSE
197.944377	2	15	TRIAL_END
197.945127	2	15	CONSEQUENCE
197.945299	2	15	HIT
198.044709	2	16	IET R
198.244648	2	16	IET R
205.956340	2	16	TRIAL_START
209.976555	2	16	TRIAL_END
209.977075	2	16	HIT
217.996481	2	17	TRIAL_START
219.052702	2	17	RESPONSE
219.260725	2	17	RESPONSE
219.436736	2	17	RESPONSE
219.636720	2	17	RESPONSE
219.836726	2	17	RESPONSE
220.012727	2	17	RESPONSE
220.212725	2	17	RESPONSE
220.396726	2	17	RESPONSE
220.588688	2	17	RESPONSE
220.788720	2	17	RESPONSE
220.980735	2	17	RESPONSE
221.196710	2	17	RESPONSE
221.420857	2	17	RESPONSE
221.644707	2	17	RESPONSE
221.836734	2	17	RESPONSE
221.997760	2	17	TRIAL_END
221.998313	2	17	CONSEQUENCE
221.998424	2	17	HIT
222.036722	2	18	IET R
222.236725	2	18	IET R
222.412739	2	18	IET R
230.007174	2	18	TRIAL_START
234.022061	2	18	TRIAL_END
234.022587	2	18	HIT
242.035381	2	19	TRIAL_START
243.076798	2	19	RESPONSE
243.285003	2	19	RESPONSE
243.468897	2	19	RESPONSE
243.668865	2	19	RESPONSE
243.844848	2	19	RESPONSE
244.028810	2	19	RESPONSE
244.220806	2	19	RESPONSE
244.404793	2	19	RESPONSE
244.588806	2	19	RESPONSE
244.780823	2	19	RESPONSE
244.980845	2	19	RESPONSE
245.172831	2	19	RESPONSE
245.380824	2	19	RESPONSE
245.596817	2	19	RESPONSE
245.796789	2	19	RESPONSE
245.996805	2	19	RESPONSE
246.036131	2	19	TRIAL_END
246.036649	2	19	CONSEQUENCE
246.036757	2	19	HIT
246.196809	2	20	IET R
246.396838	2	20	IET R
254.044803	2	20	TRIAL_START
255.284843	2	20	RESPONSE
255.468883	2	20	RESPONSE
255.636905	2	20	RESPONSE
255.820834	2	20	RESPONSE
256.012970	2	20	RESPONSE
256.212916	2	20	RESPONSE
256.412945	2	20	RESPONSE
256.604855	2	20	RESPONSE
256.796951	2	20	RESPONSE
256.996918	2	20	RESPONSE
257.205054	2	20	RESPONSE
257.420847	2	20	RESPONSE
257.628890	2	20	RESPONSE
257.836861	2	20	RESPONSE
258.044873	2	20	RESPONSE
258.044946	2	20	TRIAL_END
258.045424	2	20	CONSEQUENCE
258.045530	2	20	HIT
258.268869	2	21	IET R
258.468841	2	21	IET R
266.054849	2	21	TRIAL_START
267.508889	2	21	RESPONSE
267.724887	2	21	RESPONSE
267.909029	2	21	RESPONSE
268.108906	2	21	RESPONSE
268.308897	2	21	RESPONSE
268.524902	2	21	RESPONSE
268.716895	2	21	RESPONSE
268.908892	2	21	RESPONSE
269.116904	2	21	RESPONSE
269.332907	2	21	RESPONSE
269.532908	2	21	RESPONSE
269.756913	2	21	RESPONSE
269.956907	2	21	RESPONSE
270.055505	2	21	TRIAL_END
270.056276	2	21	CONSEQUENCE
270.056451	2	21	HIT
270.172898	2	22	IET R
270.396921	2	22	IET R
278.075320	2	22	TRIAL_START
282.083806	2	22	TRIAL_END
282.084307	2	22	HIT
290.111201	2	23	TRIAL_START
291.213017	2	23	RESPONSE
291.413020	2	23	RESPONSE
291.589062	2	23	RESPONSE
291.780984	2	23	RESPONSE
291.964998	2	23	RESPONSE
292.157202	2	23	RESPONSE
292.348997	2	23	RESPONSE
292.533007	2	23	RESPONSE
292.717000	2	23	RESPONSE
292.916990	2	23	RESPONSE
293.124988	2	23	RESPONSE
293.325118	2	23	RESPONSE
293.517009	2	23	RESPONSE
293.732998	2	23	RESPONSE
293.916987	2	23	RESPONSE
294.108986	2	23	RESPONSE
294.112153	2	23	TRIAL_END
294.112885	2	23	CONSEQUENCE
294.113049	2	23	HIT
294.317004	2	24	IET R
294.492995	2	24	IET R
302.128433	2	24	TRIAL_START
303.493047	2	24	RESPONSE
303.677034	2	24	RESPONSE
303.861050	2	24	RESPONSE
304.069027	2	24	RESPONSE
304.269074	2	24	RESPONSE
304.477107	2	24	RESPONSE
304.685070	2	24	RESPONSE
304.893073	2	24	RESPONSE
305.077038	2	24	RESPONSE
305.285031	2	24	RESPONSE
305.493034	2	24	RESPONSE
305.709018	2	24	RESPONSE
305.909036	2	24	RESPONSE
306.125034	2	24	RESPONSE
306.129230	2	24	TRIAL_END
306.129745	2	24	CONSEQUENCE
306.129857	2	24	HIT
306.317041	2	25	IET R
306.501219	2	25	IET R
314.152123	2	25	TRIAL_START
315.285079	2	25	RESPONSE
315.477052	2	25	RESPONSE
315.637060	2	25	RESPONSE
315.837067	2	25	RESPONSE
316.021080	2	25	RESPONSE
316.229093	2	25	RESPONSE
316.453083	2	25	RESPONSE
316.669067	2	25	RESPONSE
316.877221	2	25	RESPONSE
317.101195	2	25	RESPONSE
317.309092	2	25	RESPONSE
317.525095	2	25	RESPONSE
317.733142	2	25	RESPONSE
317.941088	2	25	RESPONSE
318.141100	2	25	RESPONSE
318.152269	2	25	TRIAL_END
318.152823	2	25	CONSEQUENCE
318.152929	2	25	HIT
318.349075	2	26	IET R
318.541088	2	26	IET R
326.162175	2	26	TRIAL_START
330.178055	2	26	TRIAL_END
330.178847	2	26	HIT
338.198483	2	27	TRIAL_START
342.207624	2	27	TRIAL_END
342.208363	2	27	HIT
350.238584	2	28	TRIAL_START
351.317226	2	28	RESPONSE
351.533228	2	28	RESPONSE
351.749246	2	28	RESPONSE
351.965221	2	28	RESPONSE
352.165217	2	28	RESPONSE
352.365231	2	28	RESPONSE
352.557205	2	28	RESPONSE
352.773274	2	28	RESPONSE
352.981212	2	28	RESPONSE
353.181263	2	28	RESPONSE
353.373404	2	28	RESPONSE
353.581252	2	28	RESPONSE
353.781235	2	28	RESPONSE
353.973454	2	28	RESPONSE
354.165237	2	28	RESPONSE
354.239728	2	28	TRIAL_END
354.240402	2	28	CONSEQUENCE
354.240519	2	28	HIT
354.374119	2	29	IET R
354.573369	2	29	IET R
362.255475	2	29	TRIAL_START
366.257117	2	29	TRIAL_END
366.257894	2	29	HIT
374.283585	2	30	TRIAL_START
378.297649	2	30	TRIAL_END
378.298573	2	30	HIT
386.308941	2	31	TRIAL_START
390.326057	2	31	TRIAL_END
390.326772	2	31	HIT
398.346533	2	32	TRIAL_START
399.829512	2	32	RESPONSE
400.021449	2	32	RESPONSE
400.197398	2	32	RESPONSE
400.365480	2	32	RESPONSE
400.549509	2	32	RESPONSE
400.741411	2	32	RESPONSE
400.941419	2	32	RESPONSE
401.133459	2	32	RESPONSE
401.325443	2	32	RESPONSE
401.517413	2	32	RESPONSE
401.717409	2	32	RESPONSE
401.909419	2	32	RESPONSE
402.109424	2	32	RESPONSE
402.309428	2	32	RESPONSE
402.347725	2	32	TRIAL_END
402.348540	2	32	CONSEQUENCE
402.348757	2	32	HIT
402.509446	2	33	IET R
402.717458	2	33	IET R
410.379067	2	33	TRIAL_START
414.395773	2	33	TRIAL_END
414.396499	2	33	HIT
422.427882	2	34	TRIAL_START
426.432623	2	34	TRIAL_END
426.433197	2	34	HIT
434.444134	2	35	TRIAL_START
438.458049	2	35	TRIAL_END
438.458555	2	35	HIT
446.465565	2	36	TRIAL_START
447.677715	2	36	RESPONSE
447.893610	2	36	RESPONSE
448.069589	2	36	RESPONSE
448.261632	2	36	RESPONSE
448.453677	2	36	RESPONSE
448.653660	2	36	RESPONSE
448.837669	2	36	RESPONSE
449.029640	2	36	RESPONSE
449.221593	2	36	RESPONSE
449.421584	2	36	RESPONSE
449.621614	2	36	RESPONSE
449.821592	2	36	RESPONSE
450.029599	2	36	RESPONSE
450.245636	2	36	RESPONSE
450.437630	2	36	RESPONSE
450.465889	2	36	TRIAL_END
450.466641	2	36	CONSEQUENCE
450.466809	2	36	HIT
450.629618	2	37	IET R
450.837623	2	37	IET R
458.487819	2	37	TRIAL_START
462.497396	2	37	TRIAL_END
462.498082	2	37	HIT
470.528694	2	38	TRIAL_START
474.546060	2	38	TRIAL_END
474.546548	2	38	HIT
482.565025	2	39	TRIAL_START
486.570158	2	39	TRIAL_END
486.570665	2	39	HIT
494.598626	2	40	TRIAL_START
498.611817	2	40	TRIAL_END
498.612596	2	40	HIT
506.626692	2	41	TRIAL_START
507.677817	2	41	RESPONSE
507.885823	2	41	RESPONSE
508.069832	2	41	RESPONSE
508.269839	2	41	RESPONSE
508.461836	2	41	RESPONSE
508.661834	2	41	RESPONSE
508.845815	2	41	RESPONSE
509.029827	2	41	RESPONSE
509.237817	2	41	RESPONSE
509.445822	2	41	RESPONSE
509.653840	2	41	RESPONSE
509.869846	2	41	RESPONSE
510.077921	2	41	RESPONSE
510.285840	2	41	RESPONSE
510.493879	2	41	RESPONSE
510.627766	2	41	TRIAL_END
510.628632	2	41	CONSEQUENCE
510.628795	2	41	HIT
510.709818	2	42	IET R
510.925825	2	42	IET R
518.649416	2	42	TRIAL_START
520.181937	2	42	RESPONSE
520.373857	2	42	RESPONSE
520.533864	2	42	RESPONSE
520.686064	2	42	RESPONSE
520.861886	2	42	RESPONSE
521.053921	2	42	RESPONSE
521.254084	2	42	RESPONSE
521.445871	2	42	RESPONSE
521.645869	2	42	RESPONSE
521.853959	2	42	RESPONSE
522.069951	2	42	RESPONSE
522.261889	2	42	RESPONSE
522.454003	2	42	RESPONSE
522.650080	2	42	TRIAL_END
522.650810	2	42	CONSEQUENCE
522.650978	2	42	HIT
522.669977	2	43	IET R
522.877864	2	43	IET R
523.085922	2	43	IET R
530.682225	2	43	TRIAL_START
532.045904	2	43	RESPONSE
532.216820	2	43	RESPONSE
532.389922	2	43	RESPONSE
532.573927	2	43	RESPONSE
532.773930	2	43	RESPONSE
532.981957	2	43	RESPONSE
533.198090	2	43	RESPONSE
533.381921	2	43	RESPONSE
533.589927	2	43	RESPONSE
533.789942	2	43	RESPONSE
533.989942	2	43	RESPONSE
534.198086	2	43	RESPONSE
534.397948	2	43	RESPONSE
534.605930	2	43	RESPONSE
534.683421	2	43	TRIAL_END
534.684290	2	43	CONSEQUENCE
534.684482	2	43	HIT
534.821928	2	44	IET R
535.029946	2	44	IET R
542.698948	2	44	TRIAL_START
546.704243	2	44	TRIAL_END
546.704976	2	44	HIT
554.726837	2	45	TRIAL_START
555.742063	2	45	RESPONSE
555.942002	2	45	RESPONSE
556.126133	2	45	RESPONSE
556.341996	2	45	RESPONSE
556.549997	2	45	RESPONSE
556.758036	2	45	RESPONSE
556.981986	2	45	RESPONSE
557.166010	2	45	RESPONSE
557.374069	2	45	RESPONSE
557.606044	2	45	RESPONSE
557.814048	2	45	RESPONSE
558.030040	2	45	RESPONSE
558.245994	2	45	RESPONSE
558.454016	2	45	RESPONSE
558.670048	2	45	RESPONSE
558.727459	2	45	TRIAL_END
558.728151	2	45	CONSEQUENCE
558.728298	2	45	HIT
558.902120	2	46	IET R
559.102031	2	46	IET R
566.740716	2	46	TRIAL_START
567.710045	2	46	RESPONSE
567.902082	2	46	RESPONSE
568.070084	2	46	RESPONSE
568.262116	2	46	RESPONSE
568.446077	2	46	RESPONSE
568.654077	2	46	RESPONSE
568.862049	2	46	RESPONSE
569.054071	2	46	RESPONSE
569.262053	2	46	RESPONSE
569.446067	2	46	RESPONSE
569.646074	2	46	RESPONSE
569.846083	2	46	RESPONSE
570.054073	2	46	RESPONSE
570.246130	2	46	RESPONSE
570.454118	2	46	RESPONSE
570.662098	2	46	RESPONSE
570.741610	2	46	TRIAL_END
570.742466	2	46	CONSEQUENCE
570.742670	2	46	HIT
570.870076	2	47	IET R
571.086098	2	47	IET R
578.761090	2	47	TRIAL_START
579.942128	2	47	RESPONSE
580.126156	2	47	RESPONSE
580.326168	2	47	RESPONSE
580.542145	2	47	RESPONSE
580.750135	2	47	RESPONSE
580.942138	2	47	RESPONSE
581.150223	2	47	RESPONSE
581.350277	2	47	RESPONSE
581.550146	2	47	RESPONSE
581.734171	2	47	RESPONSE
581.950142	2	47	RESPONSE
582.150150	2	47	RESPONSE
582.366182	2	47	RESPONSE
582.574161	2	47	RESPONSE
582.750164	2	47	RESPONSE
582.761361	2	47	TRIAL_END
582.762370	2	47	CONSEQUENCE
582.762536	2	47	HIT
582.966149	2	48	IET R
583.174201	2	48	IET R
590.774351	2	48	TRIAL_START
594.774538	2	48	TRIAL_END
594.775066	2	48	HIT
602.793865	2	49	TRIAL_START
603.718292	2	49	RESPONSE
603.926231	2	49	RESPONSE
604.118233	2	49	RESPONSE
604.326219	2	49	RESPONSE
604.526282	2	49	RESPONSE
604.718267	2	49	RESPONSE
604.918342	2	49	RESPONSE
605.118199	2	49	RESPONSE
605.334258	2	49	RESPONSE
605.534217	2	49	RESPONSE
605.734228	2	49	RESPONSE
605.942218	2	49	RESPONSE
606.142203	2	49	RESPONSE
606.350306	2	49	RESPONSE
606.574182	2	49	RESPONSE
606.782212	2	49	RESPONSE
606.794388	2	49	TRIAL_END
606.795177	2	49	CONSEQUENCE
606.795354	2	49	HIT
606.998204	2	50	IET R
607.214285	2	50	IET R
614.804805	2	50	TRIAL_START
615.878237	2	50	RESPONSE
616.078293	2	50	RESPONSE
616.254332	2	50	RESPONSE
616.462241	2	50	RESPONSE
616.662334	2	50	RESPONSE
616.862228	2	50	RESPONSE
617.062279	2	50	RESPONSE
617.278447	2	50	RESPONSE
617.478533	2	50	RESPONSE
617.678409	2	50	RESPONSE
617.878334	2	50	RESPONSE
618.078333	2	50	RESPONSE
618.286261	2	50	RESPONSE
618.486291	2	50	RESPONSE
618.702251	2	50	RESPONSE
618.805875	2	50	TRIAL_END
618.806614	2	50	CONSEQUENCE
618.806780	2	50	HIT
618.910263	2	51	IET R
619.110265	2	51	IET R
626.816849	2	51	TRIAL_START
627.918293	2	51	RESPONSE
628.110290	2	51	RESPONSE
628.278389	2	51	RESPONSE
628.478374	2	51	RESPONSE
628.694302	2	51	RESPONSE
628.878376	2	51	RESPONSE
629.078379	2	51	RESPONSE
629.278427	2	51	RESPONSE
629.478284	2	51	RESPONSE
629.670313	2	51	RESPONSE
629.870305	2	51	RESPONSE
630.086350	2	51	RESPONSE
630.278356	2	51	RESPONSE
630.486332	2	51	RESPONSE
630.710339	2	51	RESPONSE
630.817380	2	51	TRIAL_END
630.818095	2	51	CONSEQUENCE
630.818227	2	51	HIT
630.918302	2	52	IET R
631.118319	2	52	IET R
638.840521	2	52	TRIAL_START
642.848215	2	52	TRIAL_END
642.848715	2	52	HIT
650.866147	2	53	TRIAL_START
654.886064	2	53	TRIAL_END
654.886642	2	53	HIT
662.903600	2	54	TRIAL_START
663.982441	2	54	RESPONSE
664.190426	2	54	RESPONSE
664.382417	2	54	RESPONSE
664.582438	2	54	RESPONSE
664.766433	2	54	RESPONSE
664.958438	2	54	RESPONSE
665.150648	2	54	RESPONSE
665.350520	2	54	RESPONSE
665.534432	2	54	RESPONSE
665.710465	2	54	RESPONSE
665.918427	2	54	RESPONSE
666.110454	2	54	RESPONSE
666.326473	2	54	RESPONSE
666.518560	2	54	RESPONSE
666.726437	2	54	RESPONSE
666.904551	2	54	TRIAL_END
666.905342	2	54	CONSEQUENCE
666.905538	2	54	HIT
666.934434	2	55	IET R
667.126458	2	55	IET R
674.916072	2	55	TRIAL_START
678.918707	2	55	TRIAL_END
678.919201	2	55	HIT
686.927476	2	56	TRIAL_START
688.110529	2	56	RESPONSE
688.326544	2	56	RESPONSE
688.526557	2	56	RESPONSE
688.726543	2	56	RESPONSE
688.926552	2	56	RESPONSE
689.126537	2	56	RESPONSE
689.310544	2	56	RESPONSE
689.502532	2	56	RESPONSE
689.694539	2	56	RESPONSE
689.886535	2	56	RESPONSE
690.054558	2	56	RESPONSE
690.238570	2	56	RESPONSE
690.430714	2	56	RESPONSE
690.638586	2	56	RESPONSE
690.838533	2	56	RESPONSE
690.928104	2	56	TRIAL_END
690.929145	2	56	CONSEQUENCE
690.929314	2	56	HIT
691.030847	2	57	IET R
691.230630	2	57	IET R
698.941862	2	57	TRIAL_START
700.118574	2	57	RESPONSE
700.326603	2	57	RESPONSE
700.510572	2	57	RESPONSE
700.734596	2	57	RESPONSE
700.918580	2	57	RESPONSE
701.102570	2	57	RESPONSE
701.294581	2	57	RESPONSE
701.486587	2	57	RESPONSE
701.670587	2	57	RESPONSE
701.870585	2	57	RESPONSE
702.086595	2	57	RESPONSE
702.286583	2	57	RESPONSE
702.478612	2	57	RESPONSE
702.694615	2	57	RESPONSE
702.894732	2	57	RESPONSE
702.942129	2	57	TRIAL_END
702.942651	2	57	CONSEQUENCE
702.942797	2	57	HIT
703.094705	2	58	IET R
703.294589	2	58	IET R
710.969787	2	58	TRIAL_START
714.990109	2	58	TRIAL_END
714.990903	2	58	HIT
723.003293	3	59	TRIAL_START
733.013494	3	59	TRIAL_END
