time	bloc	trial	event
0.023698	1	1	TRIAL_START
6.027335	1	1	TRIAL_END
6.531293	1	2	TRIAL_START
75.698349	1	2	TRIAL_END
76.261380	1	3	TRIAL_START
78.971179	1	3	RESPONSE
78.988801	1	3	CONSEQUENCE
79.259152	1	3	RESPONSE
79.539085	1	3	RESPONSE
79.763095	1	3	RESPONSE
81.227196	1	3	RESPONSE
81.227521	1	3	CONSEQUENCE
81.419199	1	3	RESPONSE
81.595204	1	3	RESPONSE
81.795454	1	3	RESPONSE
81.979221	1	3	RESPONSE
82.171115	1	3	RESPONSE
82.171418	1	3	CONSEQUENCE
82.371105	1	3	RESPONSE
82.571307	1	3	RESPONSE
82.763285	1	3	RESPONSE
82.955086	1	3	RESPONSE
83.139137	1	3	RESPONSE
83.139403	1	3	CONSEQUENCE
83.316510	1	3	RESPONSE
83.507222	1	3	RESPONSE
83.683333	1	3	RESPONSE
83.867255	1	3	RESPONSE
84.067247	1	3	RESPONSE
84.067578	1	3	CONSEQUENCE
84.243226	1	3	RESPONSE
84.419165	1	3	RESPONSE
84.611145	1	3	RESPONSE
84.803106	1	3	RESPONSE
85.003100	1	3	RESPONSE
85.003371	1	3	CONSEQUENCE
85.195114	1	3	RESPONSE
85.411203	1	3	RESPONSE
85.635299	1	3	RESPONSE
85.827243	1	3	RESPONSE
85.827582	1	3	CONSEQUENCE
86.035090	1	3	RESPONSE
86.243099	1	3	RESPONSE
86.435092	1	3	RESPONSE
86.651465	1	3	RESPONSE
86.651754	1	3	CONSEQUENCE
86.859093	1	3	RESPONSE
87.075204	1	3	RESPONSE
96.278450	1	3	TRIAL_END
96.782640	1	4	TRIAL_START
102.783169	1	4	TRIAL_END
103.287196	1	5	TRIAL_START
109.292027	1	5	TRIAL_END
109.795600	1	6	TRIAL_START
112.796623	1	6	TRIAL_END
113.300647	1	7	TRIAL_START
114.303204	1	7	TRIAL_END
114.807753	1	8	TRIAL_START
115.813224	1	8	TRIAL_END
116.317232	1	9	TRIAL_START
117.322638	1	9	TRIAL_END
117.832220	2	10	TRIAL_START
118.779232	2	10	RESPONSE
119.035247	2	10	RESPONSE
119.355343	2	10	RESPONSE
119.571254	2	10	RESPONSE
119.771256	2	10	RESPONSE
119.987414	2	10	RESPONSE
120.203273	2	10	RESPONSE
120.411260	2	10	RESPONSE
120.611257	2	10	RESPONSE
120.819258	2	10	RESPONSE
121.027243	2	10	RESPONSE
121.243248	2	10	RESPONSE
121.451226	2	10	RESPONSE
121.659290	2	10	RESPONSE
121.832903	2	10	TRIAL_END
121.833726	2	10	MISS
121.859224	2	11	IET R
122.075329	2	11	IET R
126.861620	2	11	TRIAL_START
127.755279	2	11	RESPONSE
127.939557	2	11	RESPONSE
128.131591	2	11	RESPONSE
128.339295	2	11	RESPONSE
128.531265	2	11	RESPONSE
128.723239	2	11	RESPONSE
128.923245	2	11	RESPONSE
129.123243	2	11	RESPONSE
129.315406	2	11	RESPONSE
129.515383	2	11	RESPONSE
129.715404	2	11	RESPONSE
129.907257	2	11	RESPONSE
130.115323	2	11	RESPONSE
130.307345	2	11	RESPONSE
130.515246	2	11	RESPONSE
130.723298	2	11	RESPONSE
130.862147	2	11	TRIAL_END
130.863075	2	11	MISS
130.931290	2	12	IET R
131.131283	2	12	IET R
135.875722	2	12	TRIAL_START
136.659366	2	12	RESPONSE
136.875264	2	12	RESPONSE
137.083402	2	12	RESPONSE
137.299319	2	12	RESPONSE
137.515303	2	12	RESPONSE
137.747324	2	12	RESPONSE
137.979398	2	12	RESPONSE
138.195315	2	12	RESPONSE
138.411326	2	12	RESPONSE
138.627252	2	12	RESPONSE
138.835712	2	12	RESPONSE
139.059323	2	12	RESPONSE
139.283270	2	12	RESPONSE
139.507257	2	12	RESPONSE
139.731457	2	12	RESPONSE
139.876265	2	12	TRIAL_END
139.876997	2	12	CONSEQUENCE
139.877164	2	12	HIT
139.971606	2	13	IET R
140.195382	2	13	IET R
144.895253	2	13	TRIAL_START
146.811376	2	13	RESPONSE
147.027308	2	13	RESPONSE
147.227353	2	13	RESPONSE
147.435541	2	13	RESPONSE
147.651300	2	13	RESPONSE
147.867301	2	13	RESPONSE
148.091276	2	13	RESPONSE
148.315304	2	13	RESPONSE
148.539288	2	13	RESPONSE
148.771301	2	13	RESPONSE
148.896103	2	13	TRIAL_END
148.896759	2	13	MISS
149.003346	2	14	IET R
149.243271	2	14	IET R
153.903662	2	14	TRIAL_START
155.043372	2	14	RESPONSE
155.235328	2	14	RESPONSE
155.427405	2	14	RESPONSE
155.643315	2	14	RESPONSE
155.867310	2	14	RESPONSE
156.083518	2	14	RESPONSE
156.307311	2	14	RESPONSE
156.523361	2	14	RESPONSE
156.739413	2	14	RESPONSE
156.955312	2	14	RESPONSE
157.163401	2	14	RESPONSE
157.379282	2	14	RESPONSE
157.595394	2	14	RESPONSE
157.787412	2	14	RESPONSE
157.904608	2	14	TRIAL_END
157.905384	2	14	CONSEQUENCE
157.905562	2	14	HIT
157.979318	2	15	IET R
158.171308	2	15	IET R
162.913105	2	15	TRIAL_START
166.928508	2	15	TRIAL_END
166.929313	2	15	HIT
171.958831	2	16	TRIAL_START
172.531325	2	16	RESPONSE
172.723386	2	16	RESPONSE
172.875960	2	16	RESPONSE
173.027649	2	16	RESPONSE
173.195406	2	16	RESPONSE
173.347321	2	16	RESPONSE
173.491369	2	16	RESPONSE
173.643555	2	16	RESPONSE
173.787376	2	16	RESPONSE
173.955420	2	16	RESPONSE
174.115516	2	16	RESPONSE
174.283346	2	16	RESPONSE
174.451339	2	16	RESPONSE
174.627331	2	16	RESPONSE
174.787386	2	16	RESPONSE
174.947404	2	16	RESPONSE
175.107356	2	16	RESPONSE
175.291372	2	16	RESPONSE
175.459331	2	16	RESPONSE
175.627351	2	16	RESPONSE
175.795336	2	16	RESPONSE
175.955382	2	16	RESPONSE
175.959641	2	16	TRIAL_END
175.960442	2	16	CONSEQUENCE
175.960613	2	16	HIT
176.123368	2	17	IET R
180.981346	2	17	TRIAL_START
181.883406	2	17	RESPONSE
182.043530	2	17	RESPONSE
182.203359	2	17	RESPONSE
182.371451	2	17	RESPONSE
182.523796	2	17	RESPONSE
182.691353	2	17	RESPONSE
182.859381	2	17	RESPONSE
183.027397	2	17	RESPONSE
183.203348	2	17	RESPONSE
183.371407	2	17	RESPONSE
183.515674	2	17	RESPONSE
183.659477	2	17	RESPONSE
183.811361	2	17	RESPONSE
183.955617	2	17	RESPONSE
184.131361	2	17	RESPONSE
184.291359	2	17	RESPONSE
184.451401	2	17	RESPONSE
184.611374	2	17	RESPONSE
184.771417	2	17	RESPONSE
184.947417	2	17	RESPONSE
184.981719	2	17	TRIAL_END
184.982828	2	17	CONSEQUENCE
184.983087	2	17	HIT
185.115729	2	18	IET R
185.267368	2	18	IET R
190.000609	2	18	TRIAL_START
190.835356	2	18	RESPONSE
191.011603	2	18	RESPONSE
191.171445	2	18	RESPONSE
191.347411	2	18	RESPONSE
191.523550	2	18	RESPONSE
191.691447	2	18	RESPONSE
191.835408	2	18	RESPONSE
191.995376	2	18	RESPONSE
192.155381	2	18	RESPONSE
192.291565	2	18	RESPONSE
192.427377	2	18	RESPONSE
192.579415	2	18	RESPONSE
192.739377	2	18	RESPONSE
192.883466	2	18	RESPONSE
193.027552	2	18	RESPONSE
193.179503	2	18	RESPONSE
193.347412	2	18	RESPONSE
193.515440	2	18	RESPONSE
193.667374	2	18	RESPONSE
193.827374	2	18	RESPONSE
194.001524	2	18	TRIAL_END
194.002455	2	18	CONSEQUENCE
194.002615	2	18	HIT
194.014716	2	19	IET R
194.187408	2	19	IET R
199.015456	2	19	TRIAL_START
199.595400	2	19	RESPONSE
199.747449	2	19	RESPONSE
199.915420	2	19	RESPONSE
200.083452	2	19	RESPONSE
200.251583	2	19	RESPONSE
200.419529	2	19	RESPONSE
200.571411	2	19	RESPONSE
200.747503	2	19	RESPONSE
200.915429	2	19	RESPONSE
201.059504	2	19	RESPONSE
201.243605	2	19	RESPONSE
201.411968	2	19	RESPONSE
201.563447	2	19	RESPONSE
201.747496	2	19	RESPONSE
201.923406	2	19	RESPONSE
202.099486	2	19	RESPONSE
202.267408	2	19	RESPONSE
202.427401	2	19	RESPONSE
202.611496	2	19	RESPONSE
202.763455	2	19	RESPONSE
202.955570	2	19	RESPONSE
203.016051	2	19	TRIAL_END
203.016801	2	19	MISS
203.115507	2	20	IET R
203.291416	2	20	IET R
208.024692	2	20	TRIAL_START
209.747497	2	20	RESPONSE
209.947447	2	20	RESPONSE
210.139445	2	20	RESPONSE
210.323718	2	20	RESPONSE
210.507630	2	20	RESPONSE
210.699435	2	20	RESPONSE
210.867420	2	20	RESPONSE
211.043447	2	20	RESPONSE
211.227446	2	20	RESPONSE
211.403595	2	20	RESPONSE
211.579433	2	20	RESPONSE
211.771440	2	20	RESPONSE
211.963448	2	20	RESPONSE
212.025864	2	20	TRIAL_END
212.026389	2	20	CONSEQUENCE
212.026504	2	20	HIT
212.155447	2	21	IET R
212.347422	2	21	IET R
217.039992	2	21	TRIAL_START
221.049187	2	21	TRIAL_END
221.049987	2	21	MISS
226.073173	2	22	TRIAL_START
230.080372	2	22	TRIAL_END
230.081150	2	22	MISS
235.093766	2	23	TRIAL_START
236.179734	2	23	RESPONSE
236.395504	2	23	RESPONSE
236.563782	2	23	RESPONSE
236.747764	2	23	RESPONSE
236.915617	2	23	RESPONSE
237.067626	2	23	RESPONSE
237.227601	2	23	RESPONSE
237.371513	2	23	RESPONSE
237.539525	2	23	RESPONSE
237.699925	2	23	RESPONSE
237.883868	2	23	RESPONSE
238.067586	2	23	RESPONSE
238.251499	2	23	RESPONSE
238.443511	2	23	RESPONSE
238.643526	2	23	RESPONSE
238.835581	2	23	RESPONSE
239.035526	2	23	RESPONSE
239.094969	2	23	TRIAL_END
239.095963	2	23	MISS
239.219714	2	24	IET R
239.387503	2	24	IET R
244.108719	2	24	TRIAL_START
248.110193	2	24	TRIAL_END
248.110986	2	24	MISS
253.119525	2	25	TRIAL_START
255.075617	2	25	RESPONSE
255.275589	2	25	RESPONSE
255.467565	2	25	RESPONSE
255.651649	2	25	RESPONSE
255.843593	2	25	RESPONSE
256.027609	2	25	RESPONSE
256.211562	2	25	RESPONSE
256.395570	2	25	RESPONSE
256.579840	2	25	RESPONSE
256.763753	2	25	RESPONSE
256.947573	2	25	RESPONSE
257.120107	2	25	TRIAL_END
257.120654	2	25	MISS
257.139848	2	26	IET R
257.331564	2	26	IET R
262.149465	2	26	TRIAL_START
265.451630	2	26	RESPONSE
265.723730	2	26	RESPONSE
265.915647	2	26	RESPONSE
266.099569	2	26	RESPONSE
266.149926	2	26	TRIAL_END
266.150461	2	26	CONSEQUENCE
266.150575	2	26	HIT
266.283570	2	27	IET R
266.467690	2	27	IET R
271.172415	2	27	TRIAL_START
274.755770	2	27	RESPONSE
274.963837	2	27	RESPONSE
275.115603	2	27	RESPONSE
275.173007	2	27	TRIAL_END
275.173545	2	27	MISS
275.267689	2	28	IET R
275.420569	2	28	IET R
280.193441	2	28	TRIAL_START
284.199154	2	28	TRIAL_END
284.199772	2	28	MISS
289.209370	2	29	TRIAL_START
290.411662	2	29	RESPONSE
290.595651	2	29	RESPONSE
290.771870	2	29	RESPONSE
290.932008	2	29	RESPONSE
291.091665	2	29	RESPONSE
291.267697	2	29	RESPONSE
291.435951	2	29	RESPONSE
291.611665	2	29	RESPONSE
291.795696	2	29	RESPONSE
291.963659	2	29	RESPONSE
292.131753	2	29	RESPONSE
292.323667	2	29	RESPONSE
292.491674	2	29	RESPONSE
292.667809	2	29	RESPONSE
292.843654	2	29	RESPONSE
293.011760	2	29	RESPONSE
293.179725	2	29	RESPONSE
293.210047	2	29	TRIAL_END
293.210993	2	29	MISS
293.371811	2	30	IET R
298.219569	2	30	TRIAL_START
300.443683	2	30	RESPONSE
300.675690	2	30	RESPONSE
300.859699	2	30	RESPONSE
301.027699	2	30	RESPONSE
301.187736	2	30	RESPONSE
301.347776	2	30	RESPONSE
301.515933	2	30	RESPONSE
301.691692	2	30	RESPONSE
301.859870	2	30	RESPONSE
302.043688	2	30	RESPONSE
302.219996	2	30	TRIAL_END
302.220748	2	30	CONSEQUENCE
302.220919	2	30	HIT
302.235642	2	31	IET R
302.419685	2	31	IET R
307.232796	2	31	TRIAL_START
309.643954	2	31	RESPONSE
309.819710	2	31	RESPONSE
309.971719	2	31	RESPONSE
310.139958	2	31	RESPONSE
310.299704	2	31	RESPONSE
310.459723	2	31	RESPONSE
310.619781	2	31	RESPONSE
310.787712	2	31	RESPONSE
310.971833	2	31	RESPONSE
311.139727	2	31	RESPONSE
311.233339	2	31	TRIAL_END
311.234135	2	31	CONSEQUENCE
311.234311	2	31	HIT
311.307731	2	32	IET R
311.475774	2	32	IET R
316.253829	2	32	TRIAL_START
320.266000	2	32	TRIAL_END
320.266710	2	32	HIT
325.281479	2	33	TRIAL_START
327.492008	2	33	RESPONSE
327.675953	2	33	RESPONSE
327.836169	2	33	RESPONSE
327.996047	2	33	RESPONSE
328.147990	2	33	RESPONSE
328.307783	2	33	RESPONSE
328.483759	2	33	RESPONSE
328.667791	2	33	RESPONSE
328.851742	2	33	RESPONSE
329.036023	2	33	RESPONSE
329.211761	2	33	RESPONSE
329.282246	2	33	TRIAL_END
329.282808	2	33	CONSEQUENCE
329.282939	2	33	HIT
329.395746	2	34	IET R
329.555933	2	34	IET R
334.293195	2	34	TRIAL_START
338.295865	2	34	TRIAL_END
338.296623	2	34	HIT
343.304937	2	35	TRIAL_START
344.467807	2	35	RESPONSE
344.667866	2	35	RESPONSE
344.827823	2	35	RESPONSE
345.019795	2	35	RESPONSE
345.187807	2	35	RESPONSE
345.356065	2	35	RESPONSE
345.539869	2	35	RESPONSE
345.715824	2	35	RESPONSE
345.891810	2	35	RESPONSE
346.059843	2	35	RESPONSE
346.235874	2	35	RESPONSE
346.411875	2	35	RESPONSE
346.587816	2	35	RESPONSE
346.771822	2	35	RESPONSE
346.947861	2	35	RESPONSE
347.123794	2	35	RESPONSE
347.299852	2	35	RESPONSE
347.305103	2	35	TRIAL_END
347.305692	2	35	CONSEQUENCE
347.305809	2	35	HIT
347.515789	2	36	IET R
352.336599	2	36	TRIAL_START
354.139820	2	36	RESPONSE
354.323816	2	36	RESPONSE
354.491857	2	36	RESPONSE
354.659967	2	36	RESPONSE
354.843854	2	36	RESPONSE
355.019870	2	36	RESPONSE
355.195839	2	36	RESPONSE
355.355901	2	36	RESPONSE
355.539846	2	36	RESPONSE
355.715896	2	36	RESPONSE
355.900039	2	36	RESPONSE
356.083845	2	36	RESPONSE
356.275837	2	36	RESPONSE
356.337254	2	36	TRIAL_END
356.337782	2	36	MISS
356.459822	2	37	IET R
356.643991	2	37	IET R
361.350993	2	37	TRIAL_START
363.803858	2	37	RESPONSE
364.011984	2	37	RESPONSE
364.203898	2	37	RESPONSE
364.395945	2	37	RESPONSE
364.571890	2	37	RESPONSE
364.755906	2	37	RESPONSE
364.931931	2	37	RESPONSE
365.115891	2	37	RESPONSE
365.284035	2	37	RESPONSE
365.351562	2	37	TRIAL_END
365.352170	2	37	CONSEQUENCE
365.352349	2	37	HIT
365.460075	2	38	IET R
365.651873	2	38	IET R
370.370043	2	38	TRIAL_START
372.187918	2	38	RESPONSE
372.387915	2	38	RESPONSE
372.563890	2	38	RESPONSE
372.723957	2	38	RESPONSE
372.899894	2	38	RESPONSE
373.076258	2	38	RESPONSE
373.251895	2	38	RESPONSE
373.427893	2	38	RESPONSE
373.611879	2	38	RESPONSE
373.795901	2	38	RESPONSE
373.963894	2	38	RESPONSE
374.131934	2	38	RESPONSE
374.315927	2	38	RESPONSE
374.371341	2	38	TRIAL_END
374.371887	2	38	MISS
374.491894	2	39	IET R
374.675883	2	39	IET R
379.386610	2	39	TRIAL_START
382.115991	2	39	RESPONSE
382.299953	2	39	RESPONSE
382.483958	2	39	RESPONSE
382.667914	2	39	RESPONSE
382.860095	2	39	RESPONSE
383.043919	2	39	RESPONSE
383.235944	2	39	RESPONSE
383.386910	2	39	TRIAL_END
383.387929	2	39	CONSEQUENCE
383.388111	2	39	HIT
383.428015	2	40	IET R
383.611992	2	40	IET R
388.397546	2	40	TRIAL_START
392.418013	2	40	TRIAL_END
392.418955	2	40	HIT
397.431297	2	41	TRIAL_START
401.449340	2	41	TRIAL_END
401.450145	2	41	HIT
406.472347	2	42	TRIAL_START
408.172075	2	42	RESPONSE
408.340000	2	42	RESPONSE
408.499992	2	42	RESPONSE
408.676005	2	42	RESPONSE
408.852120	2	42	RESPONSE
409.027970	2	42	RESPONSE
409.196014	2	42	RESPONSE
409.364198	2	42	RESPONSE
409.548107	2	42	RESPONSE
409.723989	2	42	RESPONSE
409.915994	2	42	RESPONSE
410.092008	2	42	RESPONSE
410.268004	2	42	RESPONSE
410.460002	2	42	RESPONSE
410.473217	2	42	TRIAL_END
410.474062	2	42	CONSEQUENCE
410.474235	2	42	HIT
410.635997	2	43	IET R
415.494092	2	43	TRIAL_START
417.660080	2	43	RESPONSE
417.844039	2	43	RESPONSE
417.996007	2	43	RESPONSE
418.156009	2	43	RESPONSE
418.340063	2	43	RESPONSE
418.524003	2	43	RESPONSE
418.692081	2	43	RESPONSE
418.868262	2	43	RESPONSE
419.036028	2	43	RESPONSE
419.220184	2	43	RESPONSE
419.396007	2	43	RESPONSE
419.494946	2	43	TRIAL_END
419.495474	2	43	CONSEQUENCE
419.495590	2	43	HIT
419.564391	2	44	IET R
419.748020	2	44	IET R
424.510430	2	44	TRIAL_START
428.513877	2	44	TRIAL_END
428.514653	2	44	HIT
433.523230	2	45	TRIAL_START
436.084278	2	45	RESPONSE
436.252042	2	45	RESPONSE
436.396139	2	45	RESPONSE
436.572067	2	45	RESPONSE
436.732117	2	45	RESPONSE
436.900094	2	45	RESPONSE
437.076080	2	45	RESPONSE
437.260084	2	45	RESPONSE
437.436136	2	45	RESPONSE
437.523791	2	45	TRIAL_END
437.524333	2	45	CONSEQUENCE
437.524444	2	45	HIT
437.628129	2	46	IET R
437.812072	2	46	IET R
442.543834	2	46	TRIAL_START
445.324099	2	46	RESPONSE
445.508097	2	46	RESPONSE
445.692148	2	46	RESPONSE
445.876098	2	46	RESPONSE
446.068112	2	46	RESPONSE
446.260080	2	46	RESPONSE
446.452148	2	46	RESPONSE
446.544754	2	46	TRIAL_END
446.545598	2	46	CONSEQUENCE
446.545773	2	46	HIT
446.660176	2	47	IET R
446.844099	2	47	IET R
451.569020	2	47	TRIAL_START
455.579178	2	47	TRIAL_END
455.580067	2	47	HIT
460.597546	2	48	TRIAL_START
462.996171	2	48	RESPONSE
463.212134	2	48	RESPONSE
463.420159	2	48	RESPONSE
463.612186	2	48	RESPONSE
463.796205	2	48	RESPONSE
463.988159	2	48	RESPONSE
464.196136	2	48	RESPONSE
464.396131	2	48	RESPONSE
464.598585	2	48	TRIAL_END
464.599528	2	48	MISS
464.610698	2	49	IET R
464.804145	2	49	IET R
469.606876	2	49	TRIAL_START
471.452177	2	49	RESPONSE
471.628226	2	49	RESPONSE
471.796188	2	49	RESPONSE
471.964174	2	49	RESPONSE
472.140203	2	49	RESPONSE
472.316190	2	49	RESPONSE
472.484184	2	49	RESPONSE
472.668180	2	49	RESPONSE
472.836187	2	49	RESPONSE
473.012164	2	49	RESPONSE
473.188238	2	49	RESPONSE
473.372203	2	49	RESPONSE
473.548166	2	49	RESPONSE
473.607574	2	49	TRIAL_END
473.608501	2	49	CONSEQUENCE
473.608713	2	49	HIT
473.716165	2	50	IET R
473.860186	2	50	IET R
478.616870	2	50	TRIAL_START
482.621014	2	50	TRIAL_END
482.621530	2	50	HIT
487.646642	2	51	TRIAL_START
488.764235	2	51	RESPONSE
488.948227	2	51	RESPONSE
489.124213	2	51	RESPONSE
489.292219	2	51	RESPONSE
489.468383	2	51	RESPONSE
489.644215	2	51	RESPONSE
489.812272	2	51	RESPONSE
489.996319	2	51	RESPONSE
490.172222	2	51	RESPONSE
490.364197	2	51	RESPONSE
490.556224	2	51	RESPONSE
490.740265	2	51	RESPONSE
490.916248	2	51	RESPONSE
491.100227	2	51	RESPONSE
491.276218	2	51	RESPONSE
491.468199	2	51	RESPONSE
491.647600	2	51	TRIAL_END
491.648335	2	51	CONSEQUENCE
491.648509	2	51	HIT
491.662399	2	52	IET R
491.820322	2	52	IET R
496.657193	2	52	TRIAL_START
498.772261	2	52	RESPONSE
498.964264	2	52	RESPONSE
499.140237	2	52	RESPONSE
499.324245	2	52	RESPONSE
499.500293	2	52	RESPONSE
499.700488	2	52	RESPONSE
499.876253	2	52	RESPONSE
500.068396	2	52	RESPONSE
500.252266	2	52	RESPONSE
500.436268	2	52	RESPONSE
500.636323	2	52	RESPONSE
500.657636	2	52	TRIAL_END
500.658165	2	52	MISS
500.836312	2	53	IET R
501.044252	2	53	IET R
505.679173	2	53	TRIAL_START
507.244284	2	53	RESPONSE
507.428281	2	53	RESPONSE
507.596293	2	53	RESPONSE
507.772272	2	53	RESPONSE
507.948316	2	53	RESPONSE
508.124272	2	53	RESPONSE
508.308316	2	53	RESPONSE
508.476281	2	53	RESPONSE
508.652294	2	53	RESPONSE
508.820333	2	53	RESPONSE
508.988254	2	53	RESPONSE
509.164276	2	53	RESPONSE
509.340260	2	53	RESPONSE
509.524256	2	53	RESPONSE
509.680437	2	53	TRIAL_END
509.681309	2	53	CONSEQUENCE
509.681476	2	53	HIT
509.700264	2	54	IET R
509.884291	2	54	IET R
514.696189	2	54	TRIAL_START
518.699773	2	54	TRIAL_END
518.700614	2	54	HIT
523.708886	2	55	TRIAL_START
525.116326	2	55	RESPONSE
525.364362	2	55	RESPONSE
525.572338	2	55	RESPONSE
525.780313	2	55	RESPONSE
525.988372	2	55	RESPONSE
526.188345	2	55	RESPONSE
526.388318	2	55	RESPONSE
526.588319	2	55	RESPONSE
526.780326	2	55	RESPONSE
526.988381	2	55	RESPONSE
527.196372	2	55	RESPONSE
527.404375	2	55	RESPONSE
527.604321	2	55	RESPONSE
527.709969	2	55	TRIAL_END
527.710629	2	55	CONSEQUENCE
527.710784	2	55	HIT
527.804393	2	56	IET R
527.996353	2	56	IET R
532.724774	2	56	TRIAL_START
534.804394	2	56	RESPONSE
534.956363	2	56	RESPONSE
535.135285	2	56	RESPONSE
535.300381	2	56	RESPONSE
535.476467	2	56	RESPONSE
535.660415	2	56	RESPONSE
535.844320	2	56	RESPONSE
536.020388	2	56	RESPONSE
536.204393	2	56	RESPONSE
536.396456	2	56	RESPONSE
536.580415	2	56	RESPONSE
536.725588	2	56	TRIAL_END
536.726372	2	56	CONSEQUENCE
536.726563	2	56	HIT
536.772370	2	57	IET R
536.948361	2	57	IET R
541.747191	2	57	TRIAL_START
545.759161	2	57	TRIAL_END
545.759665	2	57	HIT
550.778958	2	58	TRIAL_START
554.787496	2	58	TRIAL_END
554.788322	2	58	HIT
559.801865	2	59	TRIAL_START
561.356449	2	59	RESPONSE
561.532487	2	59	RESPONSE
561.692552	2	59	RESPONSE
561.860465	2	59	RESPONSE
562.036473	2	59	RESPONSE
562.212438	2	59	RESPONSE
562.388453	2	59	RESPONSE
562.756489	2	59	RESPONSE
562.940481	2	59	RESPONSE
563.132620	2	59	RESPONSE
563.308431	2	59	RESPONSE
563.500465	2	59	RESPONSE
563.676465	2	59	RESPONSE
563.802400	2	59	TRIAL_END
563.803032	2	59	CONSEQUENCE
563.803166	2	59	HIT
563.852437	2	60	IET R
564.028525	2	60	IET R
568.812693	2	60	TRIAL_START
570.468496	2	60	RESPONSE
570.700444	2	60	RESPONSE
570.892515	2	60	RESPONSE
571.068517	2	60	RESPONSE
571.236507	2	60	RESPONSE
571.404443	2	60	RESPONSE
571.580547	2	60	RESPONSE
571.772490	2	60	RESPONSE
571.956476	2	60	RESPONSE
572.156490	2	60	RESPONSE
572.340468	2	60	RESPONSE
572.532510	2	60	RESPONSE
572.716456	2	60	RESPONSE
572.813312	2	60	TRIAL_END
572.813802	2	60	CONSEQUENCE
572.813910	2	60	HIT
572.908480	2	61	IET R
573.092767	2	61	IET R
577.823452	2	61	TRIAL_START
579.916610	2	61	RESPONSE
580.108526	2	61	RESPONSE
580.300739	2	61	RESPONSE
580.484494	2	61	RESPONSE
580.668492	2	61	RESPONSE
580.852488	2	61	RESPONSE
581.036540	2	61	RESPONSE
581.228554	2	61	RESPONSE
581.420588	2	61	RESPONSE
581.596479	2	61	RESPONSE
581.788540	2	61	RESPONSE
581.823831	2	61	TRIAL_END
581.824357	2	61	CONSEQUENCE
581.824475	2	61	HIT
581.964523	2	62	IET R
582.124576	2	62	IET R
586.849522	2	62	TRIAL_START
590.863636	2	62	TRIAL_END
590.864350	2	62	HIT
595.885074	2	63	TRIAL_START
597.580539	2	63	RESPONSE
597.772553	2	63	RESPONSE
597.940605	2	63	RESPONSE
598.124575	2	63	RESPONSE
598.308570	2	63	RESPONSE
598.484595	2	63	RESPONSE
598.660541	2	63	RESPONSE
598.860564	2	63	RESPONSE
599.044553	2	63	RESPONSE
599.228616	2	63	RESPONSE
599.420594	2	63	RESPONSE
599.612923	2	63	RESPONSE
599.796617	2	63	RESPONSE
599.886247	2	63	TRIAL_END
599.886870	2	63	CONSEQUENCE
599.886990	2	63	HIT
600.004610	2	64	IET R
600.196603	2	64	IET R
604.898028	2	64	TRIAL_START
608.901846	2	64	TRIAL_END
608.902366	2	64	HIT
613.913578	2	65	TRIAL_START
617.931229	2	65	TRIAL_END
617.931738	2	65	HIT
622.940039	2	66	TRIAL_START
624.252638	2	66	RESPONSE
624.476618	2	66	RESPONSE
624.668606	2	66	RESPONSE
624.860594	2	66	RESPONSE
625.068597	2	66	RESPONSE
625.276727	2	66	RESPONSE
625.484634	2	66	RESPONSE
625.684623	2	66	RESPONSE
625.892629	2	66	RESPONSE
626.084647	2	66	RESPONSE
626.284645	2	66	RESPONSE
626.484682	2	66	RESPONSE
626.684611	2	66	RESPONSE
626.900625	2	66	RESPONSE
626.940959	2	66	TRIAL_END
626.941826	2	66	CONSEQUENCE
626.941992	2	66	HIT
627.116640	2	67	IET R
631.958048	2	67	TRIAL_START
633.228653	2	67	RESPONSE
633.428650	2	67	RESPONSE
633.604955	2	67	RESPONSE
633.796669	2	67	RESPONSE
633.980663	2	67	RESPONSE
634.188681	2	67	RESPONSE
634.396644	2	67	RESPONSE
634.588677	2	67	RESPONSE
634.788663	2	67	RESPONSE
634.996635	2	67	RESPONSE
635.188635	2	67	RESPONSE
635.388682	2	67	RESPONSE
635.596638	2	67	RESPONSE
635.804663	2	67	RESPONSE
635.958679	2	67	TRIAL_END
635.959207	2	67	CONSEQUENCE
635.959316	2	67	HIT
636.012695	2	68	IET R
636.213099	2	68	IET R
640.977736	2	68	TRIAL_START
644.982315	2	68	TRIAL_END
644.983315	2	68	HIT
649.997510	2	69	TRIAL_START
654.001626	2	69	TRIAL_END
654.002179	2	69	HIT
659.012031	2	70	TRIAL_START
661.172754	2	70	RESPONSE
661.364918	2	70	RESPONSE
661.724819	2	70	RESPONSE
661.908745	2	70	RESPONSE
662.100796	2	70	RESPONSE
662.293053	2	70	RESPONSE
662.484741	2	70	RESPONSE
662.684750	2	70	RESPONSE
662.884771	2	70	RESPONSE
663.012446	2	70	TRIAL_END
663.013218	2	70	CONSEQUENCE
663.013370	2	70	HIT
663.068786	2	71	IET R
663.252720	2	71	IET R
668.020918	2	71	TRIAL_START
672.035428	2	71	TRIAL_END
672.036373	2	71	HIT
677.046756	2	72	TRIAL_START
681.059181	2	72	TRIAL_END
681.059915	2	72	HIT
686.070986	2	73	TRIAL_START
690.072317	2	73	TRIAL_END
690.074656	2	73	HIT
695.088605	2	74	TRIAL_START
696.580878	2	74	RESPONSE
696.780884	2	74	RESPONSE
696.972902	2	74	RESPONSE
697.156975	2	74	RESPONSE
697.372936	2	74	RESPONSE
697.564846	2	74	RESPONSE
697.764833	2	74	RESPONSE
697.956835	2	74	RESPONSE
698.156923	2	74	RESPONSE
698.356883	2	74	RESPONSE
698.556961	2	74	RESPONSE
698.740885	2	74	RESPONSE
698.924846	2	74	RESPONSE
699.089552	2	74	TRIAL_END
699.090087	2	74	CONSEQUENCE
699.090205	2	74	HIT
699.103025	2	75	IET R
699.276873	2	75	IET R
704.099430	2	75	TRIAL_START
705.212934	2	75	RESPONSE
705.404892	2	75	RESPONSE
705.604928	2	75	RESPONSE
705.788861	2	75	RESPONSE
705.980896	2	75	RESPONSE
706.164899	2	75	RESPONSE
706.372871	2	75	RESPONSE
706.572943	2	75	RESPONSE
706.756873	2	75	RESPONSE
706.956922	2	75	RESPONSE
707.140869	2	75	RESPONSE
707.348914	2	75	RESPONSE
707.532883	2	75	RESPONSE
707.732928	2	75	RESPONSE
707.917076	2	75	RESPONSE
708.092928	2	75	RESPONSE
708.100111	2	75	TRIAL_END
708.100972	2	75	CONSEQUENCE
708.101163	2	75	HIT
708.300862	2	76	IET R
713.124268	2	76	TRIAL_START
717.143183	2	76	TRIAL_END
717.144105	2	76	HIT
722.171181	2	77	TRIAL_START
724.492988	2	77	RESPONSE
724.717001	2	77	RESPONSE
724.908969	2	77	RESPONSE
725.116938	2	77	RESPONSE
725.308993	2	77	RESPONSE
725.508989	2	77	RESPONSE
725.700927	2	77	RESPONSE
725.885007	2	77	RESPONSE
726.077108	2	77	RESPONSE
726.171737	2	77	TRIAL_END
726.172546	2	77	CONSEQUENCE
726.172724	2	77	HIT
726.269008	2	78	IET R
726.452947	2	78	IET R
731.192614	2	78	TRIAL_START
735.199169	2	78	TRIAL_END
735.200098	2	78	HIT
740.217266	2	79	TRIAL_START
744.217478	2	79	TRIAL_END
744.218009	2	79	HIT
749.231370	2	80	TRIAL_START
750.237076	2	80	RESPONSE
750.412997	2	80	RESPONSE
750.597039	2	80	RESPONSE
750.797058	2	80	RESPONSE
750.980993	2	80	RESPONSE
751.165059	2	80	RESPONSE
751.357098	2	80	RESPONSE
751.541052	2	80	RESPONSE
751.725033	2	80	RESPONSE
751.916995	2	80	RESPONSE
752.141008	2	80	RESPONSE
752.325142	2	80	RESPONSE
752.525042	2	80	RESPONSE
752.725062	2	80	RESPONSE
752.909102	2	80	RESPONSE
753.101053	2	80	RESPONSE
753.232371	2	80	TRIAL_END
753.232945	2	80	CONSEQUENCE
753.233121	2	80	HIT
753.301034	2	81	IET R
753.509037	2	81	IET R
758.263799	2	81	TRIAL_START
762.283171	2	81	TRIAL_END
762.283697	2	81	HIT
767.310395	2	82	TRIAL_START
769.541161	2	82	RESPONSE
769.733139	2	82	RESPONSE
769.917118	2	82	RESPONSE
770.101089	2	82	RESPONSE
770.293117	2	82	RESPONSE
770.493075	2	82	RESPONSE
770.701128	2	82	RESPONSE
770.885075	2	82	RESPONSE
771.077075	2	82	RESPONSE
771.277123	2	82	RESPONSE
771.311442	2	82	TRIAL_END
771.312241	2	82	CONSEQUENCE
771.312421	2	82	HIT
771.485088	2	83	IET R
776.332352	2	83	TRIAL_START
778.925282	2	83	RESPONSE
779.117223	2	83	RESPONSE
779.325098	2	83	RESPONSE
779.509092	2	83	RESPONSE
779.701149	2	83	RESPONSE
779.885205	2	83	RESPONSE
780.085543	2	83	RESPONSE
780.285123	2	83	RESPONSE
780.333584	2	83	TRIAL_END
780.334156	2	83	CONSEQUENCE
780.334268	2	83	HIT
780.477093	2	84	IET R
780.677097	2	84	IET R
785.342994	2	84	TRIAL_START
789.347160	2	84	TRIAL_END
789.347908	2	84	HIT
794.358420	2	85	TRIAL_START
798.363650	2	85	TRIAL_END
798.364214	2	85	HIT
803.396227	2	86	TRIAL_START
805.261311	2	86	RESPONSE
805.477192	2	86	RESPONSE
805.693172	2	86	RESPONSE
805.901251	2	86	RESPONSE
806.109171	2	86	RESPONSE
806.325205	2	86	RESPONSE
806.549221	2	86	RESPONSE
806.773180	2	86	RESPONSE
806.989248	2	86	RESPONSE
807.197216	2	86	RESPONSE
807.397436	2	86	TRIAL_END
807.397934	2	86	CONSEQUENCE
807.398044	2	86	HIT
807.410806	2	87	IET R
807.621189	2	87	IET R
807.829188	2	87	IET R
812.424715	2	87	TRIAL_START
816.439157	2	87	TRIAL_END
816.439894	2	87	HIT
821.452533	2	88	TRIAL_START
824.117294	2	88	RESPONSE
824.309265	2	88	RESPONSE
824.485229	2	88	RESPONSE
824.669260	2	88	RESPONSE
824.853233	2	88	RESPONSE
825.029224	2	88	RESPONSE
825.253268	2	88	RESPONSE
825.453216	2	88	RESPONSE
825.453275	2	88	TRIAL_END
825.453774	2	88	CONSEQUENCE
825.453888	2	88	HIT
825.645236	2	89	IET R
830.472373	2	89	TRIAL_START
831.397255	2	89	RESPONSE
831.581255	2	89	RESPONSE
831.925259	2	89	RESPONSE
832.117277	2	89	RESPONSE
832.301282	2	89	RESPONSE
832.501322	2	89	RESPONSE
832.685284	2	89	RESPONSE
832.877333	2	89	RESPONSE
833.077337	2	89	RESPONSE
833.269326	2	89	RESPONSE
833.453266	2	89	RESPONSE
833.637339	2	89	RESPONSE
833.821283	2	89	RESPONSE
833.989260	2	89	RESPONSE
834.165295	2	89	RESPONSE
834.349254	2	89	RESPONSE
834.473042	2	89	TRIAL_END
834.473817	2	89	CONSEQUENCE
834.473988	2	89	HIT
834.541289	2	90	IET R
839.486094	2	90	TRIAL_START
843.487069	2	90	TRIAL_END
843.490243	2	90	HIT
848.498120	2	91	TRIAL_START
852.502096	2	91	TRIAL_END
852.503533	2	91	HIT
857.531899	2	92	TRIAL_START
859.445357	2	92	RESPONSE
859.653369	2	92	RESPONSE
859.845387	2	92	RESPONSE
860.045382	2	92	RESPONSE
860.253375	2	92	RESPONSE
860.469357	2	92	RESPONSE
860.685377	2	92	RESPONSE
860.893357	2	92	RESPONSE
861.101405	2	92	RESPONSE
861.309389	2	92	RESPONSE
861.532097	2	92	TRIAL_END
861.532869	2	92	CONSEQUENCE
861.532985	2	92	HIT
861.547469	2	93	IET R
861.749355	2	93	IET R
866.556171	2	93	TRIAL_START
870.563355	2	93	TRIAL_END
870.564182	2	93	HIT
875.571514	2	94	TRIAL_START
879.575585	2	94	TRIAL_END
879.576114	2	94	HIT
884.589908	2	95	TRIAL_START
888.590661	2	95	TRIAL_END
888.591196	2	95	HIT
893.601246	2	96	TRIAL_START
895.101481	2	96	RESPONSE
895.333466	2	96	RESPONSE
895.533514	2	96	RESPONSE
895.733491	2	96	RESPONSE
895.925881	2	96	RESPONSE
896.109590	2	96	RESPONSE
896.293549	2	96	RESPONSE
896.525478	2	96	RESPONSE
896.725471	2	96	RESPONSE
896.917479	2	96	RESPONSE
897.117630	2	96	RESPONSE
897.309469	2	96	RESPONSE
897.525584	2	96	RESPONSE
897.602133	2	96	TRIAL_END
897.602662	2	96	CONSEQUENCE
897.602778	2	96	HIT
897.725462	2	97	IET R
902.614087	2	97	TRIAL_START
906.624389	2	97	TRIAL_END
906.625232	2	97	HIT
911.645734	2	98	TRIAL_START
915.655189	2	98	TRIAL_END
915.656298	2	98	HIT
920.670834	2	99	TRIAL_START
922.893553	2	99	RESPONSE
923.077608	2	99	RESPONSE
923.269685	2	99	RESPONSE
923.445720	2	99	RESPONSE
923.629587	2	99	RESPONSE
923.821605	2	99	RESPONSE
923.989591	2	99	RESPONSE
924.165558	2	99	RESPONSE
924.325542	2	99	RESPONSE
924.493624	2	99	RESPONSE
924.661572	2	99	RESPONSE
924.671747	2	99	TRIAL_END
924.672583	2	99	CONSEQUENCE
924.672749	2	99	HIT
924.837532	2	100	IET R
929.684642	2	100	TRIAL_START
933.686043	2	100	TRIAL_END
933.686811	2	100	MISS
938.694132	2	101	TRIAL_START
940.173654	2	101	RESPONSE
940.357679	2	101	RESPONSE
940.525596	2	101	RESPONSE
940.701669	2	101	RESPONSE
940.877617	2	101	RESPONSE
941.053647	2	101	RESPONSE
941.246000	2	101	RESPONSE
941.437777	2	101	RESPONSE
941.629653	2	101	RESPONSE
941.821591	2	101	RESPONSE
941.997657	2	101	RESPONSE
942.181935	2	101	RESPONSE
942.357615	2	101	RESPONSE
942.541633	2	101	RESPONSE
942.694622	2	101	TRIAL_END
942.695178	2	101	CONSEQUENCE
942.695349	2	101	HIT
942.725657	2	102	IET R
942.909677	2	102	IET R
947.720172	2	102	TRIAL_START
949.909629	2	102	RESPONSE
950.125679	2	102	RESPONSE
950.301656	2	102	RESPONSE
951.727923	2	102	TRIAL_END
951.728818	2	102	MISS
956.748296	2	103	TRIAL_START
957.917779	2	103	RESPONSE
958.109709	2	103	RESPONSE
958.317665	2	103	RESPONSE
958.509708	2	103	RESPONSE
958.709661	2	103	RESPONSE
958.885720	2	103	RESPONSE
959.109679	2	103	RESPONSE
959.309791	2	103	RESPONSE
959.525675	2	103	RESPONSE
959.717655	2	103	RESPONSE
959.917663	2	103	RESPONSE
960.117662	2	103	RESPONSE
960.309662	2	103	RESPONSE
960.501682	2	103	RESPONSE
960.685670	2	103	RESPONSE
960.749112	2	103	TRIAL_END
960.749997	2	103	CONSEQUENCE
960.750174	2	103	HIT
960.869736	2	104	IET R
961.045660	2	104	IET R
965.765055	2	104	TRIAL_START
969.771143	2	104	TRIAL_END
969.771875	2	104	HIT
974.781480	2	105	TRIAL_START
978.783429	2	105	TRIAL_END
978.784019	2	105	HIT
983.793479	2	106	TRIAL_START
986.141785	2	106	RESPONSE
986.325775	2	106	RESPONSE
986.525838	2	106	RESPONSE
986.701958	2	106	RESPONSE
987.045757	2	106	RESPONSE
987.222193	2	106	RESPONSE
987.390025	2	106	RESPONSE
987.565779	2	106	RESPONSE
987.725810	2	106	RESPONSE
987.794284	2	106	TRIAL_END
987.794970	2	106	CONSEQUENCE
987.795088	2	106	HIT
987.901738	2	107	IET R
988.061738	2	107	IET R
992.806985	2	107	TRIAL_START
996.819205	2	107	TRIAL_END
996.820294	2	107	HIT
1001.843231	2	108	TRIAL_START
1003.453801	2	108	RESPONSE
1003.637805	2	108	RESPONSE
1003.845834	2	108	RESPONSE
1004.037812	2	108	RESPONSE
1004.229793	2	108	RESPONSE
1004.413818	2	108	RESPONSE
1004.589793	2	108	RESPONSE
1004.773813	2	108	RESPONSE
1004.973809	2	108	RESPONSE
1005.165812	2	108	RESPONSE
1005.341835	2	108	RESPONSE
1005.533873	2	108	RESPONSE
1005.725862	2	108	RESPONSE
1005.843813	2	108	TRIAL_END
1005.844601	2	108	CONSEQUENCE
1005.844786	2	108	HIT
1005.909839	2	109	IET R
1006.093844	2	109	IET R
1010.860793	2	109	TRIAL_START
1012.197878	2	109	RESPONSE
1014.867684	2	109	TRIAL_END
1014.868462	2	109	MISS
1019.883735	2	110	TRIAL_START
1023.885210	2	110	TRIAL_END
1023.885716	2	110	HIT
1028.894681	2	111	TRIAL_START
1031.125922	2	111	RESPONSE
1031.365881	2	111	RESPONSE
1031.581941	2	111	RESPONSE
1031.805961	2	111	RESPONSE
1032.013996	2	111	RESPONSE
1032.213898	2	111	RESPONSE
1032.445896	2	111	RESPONSE
1032.669965	2	111	RESPONSE
1032.869908	2	111	RESPONSE
1032.895165	2	111	TRIAL_END
1032.895946	2	111	CONSEQUENCE
1032.896159	2	111	HIT
1033.085965	2	112	IET R
1037.924553	2	112	TRIAL_START
1041.929406	2	112	TRIAL_END
1041.929933	2	112	HIT
1046.944775	2	113	TRIAL_START
1048.357936	2	113	RESPONSE
1048.566044	2	113	RESPONSE
1048.765955	2	113	RESPONSE
1048.957947	2	113	RESPONSE
1049.141952	2	113	RESPONSE
1049.334008	2	113	RESPONSE
1049.533987	2	113	RESPONSE
1049.725984	2	113	RESPONSE
1049.917973	2	113	RESPONSE
1050.134020	2	113	RESPONSE
1050.333979	2	113	RESPONSE
1050.533997	2	113	RESPONSE
1050.726029	2	113	RESPONSE
1050.945941	2	113	TRIAL_END
1050.946721	2	113	CONSEQUENCE
1050.946894	2	113	HIT
1051.013949	2	114	IET R
1051.213970	2	114	IET R
1055.965405	2	114	TRIAL_START
1057.309980	2	114	RESPONSE
1057.509956	2	114	RESPONSE
1057.693967	2	114	RESPONSE
1057.877981	2	114	RESPONSE
1058.062083	2	114	RESPONSE
1058.255192	2	114	RESPONSE
1058.454196	2	114	RESPONSE
1058.638031	2	114	RESPONSE
1058.830013	2	114	RESPONSE
1059.030032	2	114	RESPONSE
1059.222004	2	114	RESPONSE
1059.405968	2	114	RESPONSE
1059.598026	2	114	RESPONSE
1059.838027	2	114	RESPONSE
1059.966414	2	114	TRIAL_END
1059.967102	2	114	CONSEQUENCE
1059.967298	2	114	HIT
1060.029985	2	115	IET R
1060.221978	2	115	IET R
1064.981879	2	115	TRIAL_START
1068.983494	2	115	TRIAL_END
1068.984064	2	115	HIT
1073.992814	2	116	TRIAL_START
1078.011179	2	116	TRIAL_END
1078.011735	2	116	HIT
1083.039991	2	117	TRIAL_START
1084.566057	2	117	RESPONSE
1084.790103	2	117	RESPONSE
1085.014093	2	117	RESPONSE
1085.214079	2	117	RESPONSE
1085.422068	2	117	RESPONSE
1085.638065	2	117	RESPONSE
1085.854118	2	117	RESPONSE
1086.062082	2	117	RESPONSE
1086.286099	2	117	RESPONSE
1086.502070	2	117	RESPONSE
1086.718111	2	117	RESPONSE
1086.942069	2	117	RESPONSE
1087.040669	2	117	TRIAL_END
1087.041216	2	117	CONSEQUENCE
1087.041339	2	117	HIT
1087.150060	2	118	IET R
1087.374106	2	118	IET R
1087.582060	2	118	IET R
1092.043885	3	118	TRIAL_START
1102.057732	3	118	TRIAL_END
