time	bloc	trial	event
-11.762284	1	1	TRIAL_START
-5.743460	1	1	TRIAL_END
-4.740316	1	2	TRIAL_START
59.422723	1	2	TRIAL_END
60.484826	1	3	TRIAL_START
65.195284	1	3	RESPONSE
65.196872	1	3	CONSEQUENCE
66.747334	1	3	RESPONSE
66.747660	1	3	CONSEQUENCE
66.947316	1	3	RESPONSE
67.139264	1	3	RESPONSE
67.339279	1	3	RESPONSE
67.515284	1	3	RESPONSE
67.691354	1	3	RESPONSE
67.691714	1	3	CONSEQUENCE
68.091349	1	3	RESPONSE
68.299351	1	3	RESPONSE
68.515296	1	3	RESPONSE
68.515593	1	3	CONSEQUENCE
90.505637	1	3	TRIAL_END
91.508199	1	4	TRIAL_START
101.509580	1	4	TRIAL_END
102.520311	2	5	TRIAL_START
105.507276	2	5	RESPONSE
106.043332	2	5	RESPONSE
106.227316	2	5	RESPONSE
106.521447	2	5	TRIAL_END
106.522006	2	5	MISS
106.555272	2	6	IET R
106.795244	2	6	IET R
106.995251	2	6	IET R
114.528781	2	6	TRIAL_START
115.419260	2	6	RESPONSE
115.611389	2	6	RESPONSE
115.819346	2	6	RESPONSE
116.003283	2	6	RESPONSE
116.235296	2	6	RESPONSE
116.451274	2	6	RESPONSE
116.651281	2	6	RESPONSE
116.843421	2	6	RESPONSE
117.051307	2	6	RESPONSE
117.251281	2	6	RESPONSE
117.459256	2	6	RESPONSE
117.675326	2	6	RESPONSE
118.533759	2	6	TRIAL_END
118.534296	2	6	CONSEQUENCE
118.534415	2	6	HIT
126.542321	2	7	TRIAL_START
127.779264	2	7	RESPONSE
127.987268	2	7	RESPONSE
128.203239	2	7	RESPONSE
128.419383	2	7	RESPONSE
128.643286	2	7	RESPONSE
128.891260	2	7	RESPONSE
129.131316	2	7	RESPONSE
129.339286	2	7	RESPONSE
129.587283	2	7	RESPONSE
129.803276	2	7	RESPONSE
130.363273	2	7	RESPONSE
130.542656	2	7	TRIAL_END
130.543241	2	7	MISS
130.627253	2	8	IET R
138.557499	2	8	TRIAL_START
139.539250	2	8	RESPONSE
139.763265	2	8	RESPONSE
139.987243	2	8	RESPONSE
140.243250	2	8	RESPONSE
140.467259	2	8	RESPONSE
140.667253	2	8	RESPONSE
140.955264	2	8	RESPONSE
141.203282	2	8	RESPONSE
141.443277	2	8	RESPONSE
141.667343	2	8	RESPONSE
141.947291	2	8	RESPONSE
142.251388	2	8	RESPONSE
142.475265	2	8	RESPONSE
142.558781	2	8	TRIAL_END
142.559353	2	8	CONSEQUENCE
142.559519	2	8	HIT
142.707259	2	9	IET R
142.931246	2	9	IET R
150.571836	2	9	TRIAL_START
151.755254	2	9	RESPONSE
151.963798	2	9	RESPONSE
152.147359	2	9	RESPONSE
152.379320	2	9	RESPONSE
152.595255	2	9	RESPONSE
152.803321	2	9	RESPONSE
153.035367	2	9	RESPONSE
153.259303	2	9	RESPONSE
153.475251	2	9	RESPONSE
153.691255	2	9	RESPONSE
153.899508	2	9	RESPONSE
154.147252	2	9	RESPONSE
154.355279	2	9	RESPONSE
154.563309	2	9	RESPONSE
154.572491	2	9	TRIAL_END
154.573097	2	9	CONSEQUENCE
154.573225	2	9	HIT
154.787236	2	10	IET R
162.586503	2	10	TRIAL_START
166.587577	2	10	TRIAL_END
166.588188	2	10	HIT
174.608897	2	11	TRIAL_START
178.619496	2	11	TRIAL_END
178.620335	2	11	HIT
186.628556	2	12	TRIAL_START
190.647517	2	12	TRIAL_END
190.648347	2	12	HIT
198.665827	2	13	TRIAL_START
199.435229	2	13	RESPONSE
199.667240	2	13	RESPONSE
199.867300	2	13	RESPONSE
200.083264	2	13	RESPONSE
200.283260	2	13	RESPONSE
200.499231	2	13	RESPONSE
200.715287	2	13	RESPONSE
200.947374	2	13	RESPONSE
201.155359	2	13	RESPONSE
201.371315	2	13	RESPONSE
201.611250	2	13	RESPONSE
201.819228	2	13	RESPONSE
202.035251	2	13	RESPONSE
202.259247	2	13	RESPONSE
202.483258	2	13	RESPONSE
202.666971	2	13	TRIAL_END
202.667533	2	13	CONSEQUENCE
202.667655	2	13	HIT
202.715498	2	14	IET R
202.931225	2	14	IET R
210.689490	2	14	TRIAL_START
211.851257	2	14	RESPONSE
212.043433	2	14	RESPONSE
212.243278	2	14	RESPONSE
212.451318	2	14	RESPONSE
212.659246	2	14	RESPONSE
212.875305	2	14	RESPONSE
213.067241	2	14	RESPONSE
213.283233	2	14	RESPONSE
213.499223	2	14	RESPONSE
213.699231	2	14	RESPONSE
213.939232	2	14	RESPONSE
214.139239	2	14	RESPONSE
214.347240	2	14	RESPONSE
214.555214	2	14	RESPONSE
214.690118	2	14	TRIAL_END
214.690612	2	14	CONSEQUENCE
214.690722	2	14	HIT
214.771228	2	15	IET R
214.971222	2	15	IET R
222.702741	2	15	TRIAL_START
226.704455	2	15	TRIAL_END
226.705403	2	15	HIT
234.722490	2	16	TRIAL_START
238.733650	2	16	TRIAL_END
238.734382	2	16	HIT
246.742049	2	17	TRIAL_START
249.451228	2	17	RESPONSE
249.667344	2	17	RESPONSE
249.851254	2	17	RESPONSE
250.051243	2	17	RESPONSE
250.227354	2	17	RESPONSE
250.395266	2	17	RESPONSE
250.643242	2	17	RESPONSE
250.742870	2	17	TRIAL_END
250.743494	2	17	CONSEQUENCE
250.743614	2	17	HIT
250.859398	2	18	IET R
251.051215	2	18	IET R
258.780592	2	18	TRIAL_START
262.785901	2	18	TRIAL_END
262.786719	2	18	HIT
270.801148	2	19	TRIAL_START
272.459256	2	19	RESPONSE
272.675227	2	19	RESPONSE
272.851233	2	19	RESPONSE
273.051368	2	19	RESPONSE
273.235231	2	19	RESPONSE
273.435267	2	19	RESPONSE
273.619273	2	19	RESPONSE
273.811264	2	19	RESPONSE
274.003226	2	19	RESPONSE
274.187328	2	19	RESPONSE
274.379229	2	19	RESPONSE
274.563338	2	19	RESPONSE
274.731267	2	19	RESPONSE
274.801762	2	19	TRIAL_END
274.802291	2	19	CONSEQUENCE
274.802408	2	19	HIT
274.923273	2	20	IET R
275.083235	2	20	IET R
282.815961	2	20	TRIAL_START
284.179274	2	20	RESPONSE
284.363286	2	20	RESPONSE
284.547287	2	20	RESPONSE
284.731249	2	20	RESPONSE
284.907251	2	20	RESPONSE
285.099266	2	20	RESPONSE
285.259265	2	20	RESPONSE
285.467249	2	20	RESPONSE
285.619320	2	20	RESPONSE
285.811316	2	20	RESPONSE
285.955287	2	20	RESPONSE
286.107275	2	20	RESPONSE
286.283300	2	20	RESPONSE
286.451350	2	20	RESPONSE
286.659250	2	20	RESPONSE
286.816215	2	20	TRIAL_END
286.817165	2	20	CONSEQUENCE
286.817331	2	20	HIT
286.835229	2	21	IET R
287.051371	2	21	IET R
294.824612	2	21	TRIAL_START
298.835852	2	21	TRIAL_END
298.836426	2	21	HIT
306.844800	2	22	TRIAL_START
310.864462	2	22	TRIAL_END
310.864973	2	22	HIT
318.882497	2	23	TRIAL_START
319.891252	2	23	RESPONSE
320.091230	2	23	RESPONSE
320.291235	2	23	RESPONSE
320.467270	2	23	RESPONSE
320.683247	2	23	RESPONSE
320.875252	2	23	RESPONSE
321.075267	2	23	RESPONSE
321.267244	2	23	RESPONSE
321.475356	2	23	RESPONSE
321.707255	2	23	RESPONSE
321.907315	2	23	RESPONSE
322.099276	2	23	RESPONSE
322.299246	2	23	RESPONSE
322.515298	2	23	RESPONSE
322.731249	2	23	RESPONSE
322.883283	2	23	TRIAL_END
322.883894	2	23	CONSEQUENCE
322.884015	2	23	HIT
322.923276	2	24	IET R
323.115249	2	24	IET R
323.315248	2	24	IET R
330.897905	2	24	TRIAL_START
334.914773	2	24	TRIAL_END
334.915564	2	24	HIT
342.925467	2	25	TRIAL_START
344.459285	2	25	RESPONSE
344.643285	2	25	RESPONSE
344.819258	2	25	RESPONSE
345.003347	2	25	RESPONSE
345.187329	2	25	RESPONSE
345.387417	2	25	RESPONSE
345.579259	2	25	RESPONSE
345.819251	2	25	RESPONSE
346.035296	2	25	RESPONSE
346.235385	2	25	RESPONSE
346.443273	2	25	RESPONSE
346.635308	2	25	RESPONSE
346.843284	2	25	RESPONSE
346.926807	2	25	TRIAL_END
346.927627	2	25	CONSEQUENCE
346.927798	2	25	HIT
347.043270	2	26	IET R
347.243254	2	26	IET R
354.951241	2	26	TRIAL_START
356.163314	2	26	RESPONSE
356.355284	2	26	RESPONSE
356.523262	2	26	RESPONSE
356.723348	2	26	RESPONSE
356.899415	2	26	RESPONSE
357.075288	2	26	RESPONSE
357.243308	2	26	RESPONSE
357.427274	2	26	RESPONSE
357.619272	2	26	RESPONSE
357.819275	2	26	RESPONSE
358.003257	2	26	RESPONSE
358.203290	2	26	RESPONSE
358.395333	2	26	RESPONSE
358.595302	2	26	RESPONSE
358.779264	2	26	RESPONSE
358.951778	2	26	TRIAL_END
358.952326	2	26	CONSEQUENCE
358.952436	2	26	HIT
358.987255	2	27	IET R
359.179284	2	27	IET R
366.960924	2	27	TRIAL_START
367.803276	2	27	RESPONSE
370.966690	2	27	TRIAL_END
370.967257	2	27	MISS
378.982314	2	28	TRIAL_START
380.051360	2	28	RESPONSE
380.227356	2	28	RESPONSE
380.403285	2	28	RESPONSE
380.587326	2	28	RESPONSE
380.771279	2	28	RESPONSE
380.971282	2	28	RESPONSE
381.171290	2	28	RESPONSE
381.363282	2	28	RESPONSE
381.579318	2	28	RESPONSE
381.763264	2	28	RESPONSE
381.971295	2	28	RESPONSE
382.163292	2	28	RESPONSE
382.435276	2	28	RESPONSE
382.619320	2	28	RESPONSE
382.851302	2	28	RESPONSE
382.982506	2	28	TRIAL_END
382.983331	2	28	CONSEQUENCE
382.983529	2	28	HIT
383.067321	2	29	IET R
383.243287	2	29	IET R
390.997053	2	29	TRIAL_START
391.979306	2	29	RESPONSE
392.163291	2	29	RESPONSE
392.355293	2	29	RESPONSE
392.547368	2	29	RESPONSE
392.739288	2	29	RESPONSE
392.939290	2	29	RESPONSE
393.339335	2	29	RESPONSE
393.507295	2	29	RESPONSE
393.683305	2	29	RESPONSE
393.987352	2	29	RESPONSE
394.187307	2	29	RESPONSE
394.387327	2	29	RESPONSE
394.579351	2	29	RESPONSE
394.771294	2	29	RESPONSE
394.947305	2	29	RESPONSE
394.997682	2	29	TRIAL_END
394.998434	2	29	CONSEQUENCE
394.998589	2	29	HIT
395.163309	2	30	IET R
403.012074	2	30	TRIAL_START
407.013536	2	30	TRIAL_END
407.014452	2	30	HIT
415.025220	2	31	TRIAL_START
416.147305	2	31	RESPONSE
416.355293	2	31	RESPONSE
416.547339	2	31	RESPONSE
416.723326	2	31	RESPONSE
416.915330	2	31	RESPONSE
417.099317	2	31	RESPONSE
417.307337	2	31	RESPONSE
417.499347	2	31	RESPONSE
417.675324	2	31	RESPONSE
417.939519	2	31	RESPONSE
418.147323	2	31	RESPONSE
418.411347	2	31	RESPONSE
418.595298	2	31	RESPONSE
418.787313	2	31	RESPONSE
418.955325	2	31	RESPONSE
419.025777	2	31	TRIAL_END
419.027816	2	31	CONSEQUENCE
419.028009	2	31	HIT
419.123325	2	32	IET R
419.299365	2	32	IET R
427.036113	2	32	TRIAL_START
428.043347	2	32	RESPONSE
428.243342	2	32	RESPONSE
428.611326	2	32	RESPONSE
428.803348	2	32	RESPONSE
428.995340	2	32	RESPONSE
429.163386	2	32	RESPONSE
429.339375	2	32	RESPONSE
429.515300	2	32	RESPONSE
429.683363	2	32	RESPONSE
429.859341	2	32	RESPONSE
430.043347	2	32	RESPONSE
430.211327	2	32	RESPONSE
430.403318	2	32	RESPONSE
430.587369	2	32	RESPONSE
430.771400	2	32	RESPONSE
430.955367	2	32	RESPONSE
431.036943	2	32	TRIAL_END
431.037479	2	32	CONSEQUENCE
431.037601	2	32	HIT
431.155332	2	33	IET R
431.315313	2	33	IET R
439.053028	2	33	TRIAL_START
443.059505	2	33	TRIAL_END
443.060053	2	33	HIT
451.087960	2	34	TRIAL_START
455.104902	2	34	TRIAL_END
455.105399	2	34	HIT
463.112986	2	35	TRIAL_START
464.091419	2	35	RESPONSE
464.283359	2	35	RESPONSE
464.475415	2	35	RESPONSE
464.667350	2	35	RESPONSE
464.851366	2	35	RESPONSE
465.035373	2	35	RESPONSE
465.227416	2	35	RESPONSE
465.443359	2	35	RESPONSE
465.667333	2	35	RESPONSE
465.859447	2	35	RESPONSE
466.083344	2	35	RESPONSE
466.307355	2	35	RESPONSE
466.507344	2	35	RESPONSE
466.715334	2	35	RESPONSE
466.923440	2	35	RESPONSE
467.113727	2	35	TRIAL_END
467.114930	2	35	CONSEQUENCE
467.115043	2	35	HIT
467.128318	2	36	IET R
467.299358	2	36	IET R
475.137404	2	36	TRIAL_START
475.963365	2	36	RESPONSE
476.171374	2	36	RESPONSE
476.363373	2	36	RESPONSE
476.571354	2	36	RESPONSE
476.771395	2	36	RESPONSE
476.955379	2	36	RESPONSE
477.147358	2	36	RESPONSE
477.347377	2	36	RESPONSE
477.523389	2	36	RESPONSE
477.715383	2	36	RESPONSE
477.907361	2	36	RESPONSE
478.099388	2	36	RESPONSE
478.307344	2	36	RESPONSE
478.507353	2	36	RESPONSE
478.707378	2	36	RESPONSE
478.891426	2	36	RESPONSE
479.083377	2	36	RESPONSE
479.137783	2	36	TRIAL_END
479.138589	2	36	CONSEQUENCE
479.138759	2	36	HIT
479.323397	2	37	IET R
487.147266	2	37	TRIAL_START
491.160713	2	37	TRIAL_END
491.161489	2	37	HIT
499.170797	2	38	TRIAL_START
500.115834	2	38	RESPONSE
503.175486	2	38	TRIAL_END
503.175990	2	38	MISS
511.188312	2	39	TRIAL_START
512.339413	2	39	RESPONSE
512.539403	2	39	RESPONSE
512.715544	2	39	RESPONSE
512.899412	2	39	RESPONSE
513.059421	2	39	RESPONSE
513.243396	2	39	RESPONSE
513.443400	2	39	RESPONSE
513.627395	2	39	RESPONSE
513.803392	2	39	RESPONSE
513.971435	2	39	RESPONSE
514.171412	2	39	RESPONSE
514.483426	2	39	RESPONSE
514.667397	2	39	RESPONSE
514.851448	2	39	RESPONSE
515.011416	2	39	RESPONSE
515.189455	2	39	TRIAL_END
515.191040	2	39	CONSEQUENCE
515.191150	2	39	HIT
515.203780	2	40	IET R
515.395390	2	40	IET R
523.200696	2	40	TRIAL_START
527.202532	2	40	TRIAL_END
527.203240	2	40	HIT
535.218108	2	41	TRIAL_START
536.387437	2	41	RESPONSE
536.571495	2	41	RESPONSE
536.731429	2	41	RESPONSE
536.899486	2	41	RESPONSE
537.115412	2	41	RESPONSE
537.307420	2	41	RESPONSE
537.491632	2	41	RESPONSE
537.683434	2	41	RESPONSE
537.867503	2	41	RESPONSE
538.035505	2	41	RESPONSE
538.291541	2	41	RESPONSE
538.467448	2	41	RESPONSE
538.659423	2	41	RESPONSE
538.851473	2	41	RESPONSE
539.051445	2	41	RESPONSE
539.218846	2	41	TRIAL_END
539.219371	2	41	CONSEQUENCE
539.219496	2	41	HIT
539.233255	2	42	IET R
539.411436	2	42	IET R
547.227632	2	42	TRIAL_START
548.027444	2	42	RESPONSE
548.227440	2	42	RESPONSE
548.403449	2	42	RESPONSE
548.611488	2	42	RESPONSE
548.795449	2	42	RESPONSE
548.979514	2	42	RESPONSE
549.171569	2	42	RESPONSE
549.355538	2	42	RESPONSE
549.547492	2	42	RESPONSE
549.755558	2	42	RESPONSE
549.939672	2	42	RESPONSE
550.131519	2	42	RESPONSE
550.339585	2	42	RESPONSE
550.523422	2	42	RESPONSE
550.731481	2	42	RESPONSE
551.035606	2	42	RESPONSE
551.203451	2	42	RESPONSE
551.227783	2	42	TRIAL_END
551.228313	2	42	CONSEQUENCE
551.228421	2	42	HIT
551.395537	2	43	IET R
551.547444	2	43	IET R
559.240042	2	43	TRIAL_START
560.523439	2	43	RESPONSE
560.707498	2	43	RESPONSE
560.883479	2	43	RESPONSE
561.059491	2	43	RESPONSE
561.251531	2	43	RESPONSE
561.427537	2	43	RESPONSE
561.611499	2	43	RESPONSE
561.795538	2	43	RESPONSE
562.011500	2	43	RESPONSE
562.187471	2	43	RESPONSE
562.379483	2	43	RESPONSE
562.579540	2	43	RESPONSE
562.755486	2	43	RESPONSE
562.939428	2	43	RESPONSE
563.131510	2	43	RESPONSE
563.241170	2	43	TRIAL_END
563.241696	2	43	CONSEQUENCE
563.241803	2	43	HIT
563.339485	2	44	IET R
563.523492	2	44	IET R
571.253088	2	44	TRIAL_START
575.268454	2	44	TRIAL_END
575.269221	2	44	HIT
583.280763	2	45	TRIAL_START
587.281794	2	45	TRIAL_END
587.282657	2	45	HIT
595.377064	2	46	TRIAL_START
596.667536	2	46	RESPONSE
596.843560	2	46	RESPONSE
597.003560	2	46	RESPONSE
597.179535	2	46	RESPONSE
597.339545	2	46	RESPONSE
597.515570	2	46	RESPONSE
597.851530	2	46	RESPONSE
598.027583	2	46	RESPONSE
598.203531	2	46	RESPONSE
598.363523	2	46	RESPONSE
598.523524	2	46	RESPONSE
598.691529	2	46	RESPONSE
598.867531	2	46	RESPONSE
599.035517	2	46	RESPONSE
599.211550	2	46	RESPONSE
599.371557	2	46	RESPONSE
599.377716	2	46	TRIAL_END
599.378495	2	46	CONSEQUENCE
599.378670	2	46	HIT
599.539530	2	47	IET R
599.691546	2	47	IET R
607.386303	2	47	TRIAL_START
611.406735	2	47	TRIAL_END
611.407397	2	47	HIT
619.424283	2	48	TRIAL_START
620.579572	2	48	RESPONSE
620.747589	2	48	RESPONSE
620.907606	2	48	RESPONSE
621.075618	2	48	RESPONSE
621.235695	2	48	RESPONSE
621.403579	2	48	RESPONSE
621.571640	2	48	RESPONSE
621.723560	2	48	RESPONSE
621.891556	2	48	RESPONSE
622.059560	2	48	RESPONSE
622.227546	2	48	RESPONSE
622.387547	2	48	RESPONSE
622.579574	2	48	RESPONSE
622.747613	2	48	RESPONSE
622.915737	2	48	RESPONSE
623.099649	2	48	RESPONSE
623.259597	2	48	RESPONSE
623.425670	2	48	TRIAL_END
623.426240	2	48	CONSEQUENCE
623.426365	2	48	HIT
623.441579	2	49	IET R
623.595561	2	49	IET R
623.723551	2	49	IET R
631.453957	2	49	TRIAL_START
635.470739	2	49	TRIAL_END
635.471252	2	49	HIT
643.483742	2	50	TRIAL_START
644.987591	2	50	RESPONSE
645.195601	2	50	RESPONSE
645.339618	2	50	RESPONSE
645.611598	2	50	RESPONSE
645.787571	2	50	RESPONSE
645.963609	2	50	RESPONSE
646.131648	2	50	RESPONSE
646.291623	2	50	RESPONSE
646.555630	2	50	RESPONSE
646.747607	2	50	RESPONSE
646.907594	2	50	RESPONSE
647.083590	2	50	RESPONSE
647.243637	2	50	RESPONSE
647.419580	2	50	RESPONSE
647.484172	2	50	TRIAL_END
647.484904	2	50	CONSEQUENCE
647.485063	2	50	HIT
647.611612	2	51	IET R
647.755584	2	51	IET R
655.501939	2	51	TRIAL_START
659.511047	2	51	TRIAL_END
659.511619	2	51	HIT
667.520731	2	52	TRIAL_START
668.475611	2	52	RESPONSE
668.667644	2	52	RESPONSE
668.835638	2	52	RESPONSE
669.003645	2	52	RESPONSE
669.155636	2	52	RESPONSE
669.307789	2	52	RESPONSE
669.467641	2	52	RESPONSE
669.619641	2	52	RESPONSE
669.763660	2	52	RESPONSE
669.931709	2	52	RESPONSE
670.091668	2	52	RESPONSE
670.243658	2	52	RESPONSE
670.403686	2	52	RESPONSE
670.547699	2	52	RESPONSE
670.715655	2	52	RESPONSE
670.883641	2	52	RESPONSE
671.051650	2	52	RESPONSE
671.211631	2	52	RESPONSE
671.387729	2	52	RESPONSE
671.521551	2	52	TRIAL_END
671.522098	2	52	CONSEQUENCE
671.522268	2	52	HIT
671.571600	2	53	IET R
671.747618	2	53	IET R
679.537872	2	53	TRIAL_START
683.544737	2	53	TRIAL_END
683.545280	2	53	HIT
691.573339	2	54	TRIAL_START
695.585979	2	54	TRIAL_END
695.586912	2	54	HIT
703.600467	2	55	TRIAL_START
704.571642	2	55	RESPONSE
704.755669	2	55	RESPONSE
704.923656	2	55	RESPONSE
705.091675	2	55	RESPONSE
705.219666	2	55	RESPONSE
705.387689	2	55	RESPONSE
705.507660	2	55	RESPONSE
705.675662	2	55	RESPONSE
705.819821	2	55	RESPONSE
705.987822	2	55	RESPONSE
706.147683	2	55	RESPONSE
706.323667	2	55	RESPONSE
706.803669	2	55	RESPONSE
706.987735	2	55	RESPONSE
707.155662	2	55	RESPONSE
707.291681	2	55	RESPONSE
707.601963	2	55	TRIAL_END
707.602574	2	55	CONSEQUENCE
707.602686	2	55	HIT
707.619693	2	56	IET R
707.795707	2	56	IET R
715.612677	2	56	TRIAL_START
716.403687	2	56	RESPONSE
716.579907	2	56	RESPONSE
716.731666	2	56	RESPONSE
716.899760	2	56	RESPONSE
717.059690	2	56	RESPONSE
717.227689	2	56	RESPONSE
717.403784	2	56	RESPONSE
717.587712	2	56	RESPONSE
717.755692	2	56	RESPONSE
717.939716	2	56	RESPONSE
718.107694	2	56	RESPONSE
718.275731	2	56	RESPONSE
718.459684	2	56	RESPONSE
718.635689	2	56	RESPONSE
718.811716	2	56	RESPONSE
718.955705	2	56	RESPONSE
719.123684	2	56	RESPONSE
719.283786	2	56	RESPONSE
719.467686	2	56	RESPONSE
719.613858	2	56	TRIAL_END
719.614416	2	56	CONSEQUENCE
719.614569	2	56	HIT
719.643730	2	57	IET R
719.859720	2	57	IET R
727.622646	2	57	TRIAL_START
731.643056	2	57	TRIAL_END
731.643688	2	57	HIT
739.661761	2	58	TRIAL_START
743.668707	2	58	TRIAL_END
743.669493	2	58	HIT
751.692116	3	59	TRIAL_START
761.711490	3	59	TRIAL_END
