time	bloc	trial	event
0.014556	1	1	TRIAL_START
6.036638	1	1	TRIAL_END
6.540559	1	2	TRIAL_START
47.793617	1	2	TRIAL_END
48.346429	1	3	TRIAL_START
51.540703	1	3	RESPONSE
51.564392	1	3	CONSEQUENCE
51.780715	1	3	RESPONSE
52.012701	1	3	RESPONSE
52.228795	1	3	RESPONSE
52.460750	1	3	RESPONSE
52.461164	1	3	CONSEQUENCE
52.684730	1	3	RESPONSE
52.908731	1	3	RESPONSE
53.148721	1	3	RESPONSE
53.364723	1	3	RESPONSE
53.365038	1	3	CONSEQUENCE
53.572715	1	3	RESPONSE
53.780725	1	3	RESPONSE
53.988725	1	3	RESPONSE
54.196749	1	3	RESPONSE
54.197043	1	3	CONSEQUENCE
68.350829	1	3	TRIAL_END
68.853223	1	4	TRIAL_START
74.854588	1	4	TRIAL_END
75.357099	1	5	TRIAL_START
81.363565	1	5	TRIAL_END
81.865559	1	6	TRIAL_START
84.877412	1	6	TRIAL_END
85.381201	1	7	TRIAL_START
86.384897	1	7	TRIAL_END
86.888871	1	8	TRIAL_START
87.890875	1	8	TRIAL_END
88.394826	1	9	TRIAL_START
89.396883	1	9	TRIAL_END
89.906540	2	10	TRIAL_START
92.908914	2	10	RESPONSE
93.132885	2	10	RESPONSE
93.340892	2	10	RESPONSE
93.540884	2	10	RESPONSE
93.748977	2	10	RESPONSE
93.907456	2	10	TRIAL_END
93.907970	2	10	CONSEQUENCE
93.908081	2	10	HIT
93.948973	2	11	IET R
94.164897	2	11	IET R
97.820947	2	11	IET R
98.036917	2	11	IET R
98.220899	2	11	IET R
98.404924	2	11	IET R
98.596984	2	11	IET R
98.796975	2	11	IET R
98.914773	2	11	TRIAL_START
98.988968	2	11	RESPONSE
100.356944	2	11	RESPONSE
100.564933	2	11	RESPONSE
100.756910	2	11	RESPONSE
100.940916	2	11	RESPONSE
101.132935	2	11	RESPONSE
101.324935	2	11	RESPONSE
101.500971	2	11	RESPONSE
102.914846	2	11	TRIAL_END
102.915409	2	11	MISS
107.923462	2	12	TRIAL_START
109.356949	2	12	RESPONSE
109.564963	2	12	RESPONSE
109.748944	2	12	RESPONSE
109.932950	2	12	RESPONSE
110.116934	2	12	RESPONSE
110.309083	2	12	RESPONSE
110.484949	2	12	RESPONSE
110.676981	2	12	RESPONSE
110.868947	2	12	RESPONSE
111.060938	2	12	RESPONSE
111.268969	2	12	RESPONSE
111.927026	2	12	TRIAL_END
111.927811	2	12	CONSEQUENCE
111.927977	2	12	HIT
116.956882	2	13	TRIAL_START
118.276959	2	13	RESPONSE
118.485030	2	13	RESPONSE
118.685003	2	13	RESPONSE
118.877025	2	13	RESPONSE
119.076985	2	13	RESPONSE
119.261016	2	13	RESPONSE
119.452982	2	13	RESPONSE
119.645047	2	13	RESPONSE
119.836991	2	13	RESPONSE
120.020963	2	13	RESPONSE
120.212985	2	13	RESPONSE
120.396954	2	13	RESPONSE
120.596961	2	13	RESPONSE
120.796957	2	13	RESPONSE
120.958248	2	13	TRIAL_END
120.958771	2	13	CONSEQUENCE
120.958885	2	13	HIT
120.980985	2	14	IET R
121.173028	2	14	IET R
125.966403	2	14	TRIAL_START
127.028999	2	14	RESPONSE
127.237043	2	14	RESPONSE
127.437058	2	14	RESPONSE
127.629038	2	14	RESPONSE
127.821153	2	14	RESPONSE
128.013167	2	14	RESPONSE
128.197009	2	14	RESPONSE
128.380984	2	14	RESPONSE
128.565096	2	14	RESPONSE
128.757021	2	14	RESPONSE
128.941030	2	14	RESPONSE
129.968887	2	14	TRIAL_END
129.969409	2	14	MISS
134.988289	2	15	TRIAL_START
136.469134	2	15	RESPONSE
136.685114	2	15	RESPONSE
136.877052	2	15	RESPONSE
137.061033	2	15	RESPONSE
137.261024	2	15	RESPONSE
137.453039	2	15	RESPONSE
137.637100	2	15	RESPONSE
137.837100	2	15	RESPONSE
138.021030	2	15	RESPONSE
138.213041	2	15	RESPONSE
138.437062	2	15	RESPONSE
138.991931	2	15	TRIAL_END
138.992435	2	15	CONSEQUENCE
138.992543	2	15	HIT
144.003544	2	16	TRIAL_START
147.029106	2	16	RESPONSE
147.245077	2	16	RESPONSE
147.453048	2	16	RESPONSE
147.645059	2	16	RESPONSE
147.837057	2	16	RESPONSE
148.003980	2	16	TRIAL_END
148.004754	2	16	MISS
148.037064	2	17	IET R
148.229077	2	17	IET R
153.012950	2	17	TRIAL_START
155.445264	2	17	RESPONSE
155.653188	2	17	RESPONSE
155.853091	2	17	RESPONSE
156.053099	2	17	RESPONSE
156.253102	2	17	RESPONSE
156.445225	2	17	RESPONSE
156.637139	2	17	RESPONSE
156.837108	2	17	RESPONSE
157.014224	2	17	TRIAL_END
157.014717	2	17	CONSEQUENCE
157.014827	2	17	HIT
157.025586	2	18	IET R
162.042553	2	18	TRIAL_START
163.541156	2	18	RESPONSE
163.741115	2	18	RESPONSE
163.933119	2	18	RESPONSE
164.117149	2	18	RESPONSE
164.301117	2	18	RESPONSE
164.517107	2	18	RESPONSE
164.693245	2	18	RESPONSE
164.901126	2	18	RESPONSE
165.101160	2	18	RESPONSE
165.301133	2	18	RESPONSE
165.461125	2	18	RESPONSE
166.043742	2	18	TRIAL_END
166.044532	2	18	MISS
171.052264	2	19	TRIAL_START
173.021188	2	19	RESPONSE
173.229173	2	19	RESPONSE
173.413139	2	19	RESPONSE
173.605162	2	19	RESPONSE
173.789176	2	19	RESPONSE
173.989171	2	19	RESPONSE
174.165215	2	19	RESPONSE
174.357240	2	19	RESPONSE
174.557359	2	19	RESPONSE
175.053640	2	19	TRIAL_END
175.054378	2	19	MISS
180.066830	2	20	TRIAL_START
181.365209	2	20	RESPONSE
181.581184	2	20	RESPONSE
181.781231	2	20	RESPONSE
181.973166	2	20	RESPONSE
182.173167	2	20	RESPONSE
182.349174	2	20	RESPONSE
182.525266	2	20	RESPONSE
182.725248	2	20	RESPONSE
182.909198	2	20	RESPONSE
184.073096	2	20	TRIAL_END
184.073917	2	20	CONSEQUENCE
184.074116	2	20	HIT
189.083044	2	21	TRIAL_START
190.557241	2	21	RESPONSE
190.773237	2	21	RESPONSE
190.973195	2	21	RESPONSE
191.157184	2	21	RESPONSE
191.349260	2	21	RESPONSE
191.525268	2	21	RESPONSE
191.717272	2	21	RESPONSE
191.901208	2	21	RESPONSE
193.085300	2	21	TRIAL_END
193.086062	2	21	MISS
198.094678	2	22	TRIAL_START
199.037315	2	22	RESPONSE
199.253369	2	22	RESPONSE
199.445267	2	22	RESPONSE
199.637223	2	22	RESPONSE
199.821251	2	22	RESPONSE
200.005226	2	22	RESPONSE
200.197240	2	22	RESPONSE
200.405269	2	22	RESPONSE
200.597260	2	22	RESPONSE
202.102861	2	22	TRIAL_END
202.103637	2	22	CONSEQUENCE
202.103818	2	22	HIT
207.131903	2	23	TRIAL_START
208.245285	2	23	RESPONSE
208.445288	2	23	RESPONSE
208.637263	2	23	RESPONSE
208.837261	2	23	RESPONSE
209.013299	2	23	RESPONSE
209.197307	2	23	RESPONSE
209.397277	2	23	RESPONSE
209.589300	2	23	RESPONSE
209.773272	2	23	RESPONSE
211.139192	2	23	TRIAL_END
211.139831	2	23	MISS
216.146991	2	24	TRIAL_START
217.277291	2	24	RESPONSE
217.493316	2	24	RESPONSE
217.693352	2	24	RESPONSE
217.885356	2	24	RESPONSE
218.061305	2	24	RESPONSE
218.253293	2	24	RESPONSE
218.461308	2	24	RESPONSE
220.152887	2	24	TRIAL_END
220.153599	2	24	CONSEQUENCE
220.153706	2	24	HIT
225.169936	2	25	TRIAL_START
226.917351	2	25	RESPONSE
227.125355	2	25	RESPONSE
227.325386	2	25	RESPONSE
227.501395	2	25	RESPONSE
227.685330	2	25	RESPONSE
227.885327	2	25	RESPONSE
229.176866	2	25	TRIAL_END
229.177613	2	25	CONSEQUENCE
229.177777	2	25	HIT
234.191674	2	26	TRIAL_START
235.125514	2	26	RESPONSE
235.325370	2	26	RESPONSE
235.509365	2	26	RESPONSE
235.685411	2	26	RESPONSE
235.869393	2	26	RESPONSE
236.053369	2	26	RESPONSE
238.192524	2	26	TRIAL_END
238.193071	2	26	MISS
243.201538	2	27	TRIAL_START
244.205401	2	27	RESPONSE
244.413416	2	27	RESPONSE
244.613375	2	27	RESPONSE
244.813447	2	27	RESPONSE
245.005392	2	27	RESPONSE
245.197472	2	27	RESPONSE
245.373401	2	27	RESPONSE
245.581504	2	27	RESPONSE
247.209723	2	27	TRIAL_END
247.210214	2	27	CONSEQUENCE
247.210322	2	27	HIT
252.239232	2	28	TRIAL_START
253.653423	2	28	RESPONSE
253.869424	2	28	RESPONSE
254.053441	2	28	RESPONSE
254.237421	2	28	RESPONSE
254.405599	2	28	RESPONSE
254.589406	2	28	RESPONSE
254.789409	2	28	RESPONSE
254.981433	2	28	RESPONSE
256.245299	2	28	TRIAL_END
256.246099	2	28	MISS
261.269863	2	29	TRIAL_START
263.029500	2	29	RESPONSE
263.237442	2	29	RESPONSE
263.445482	2	29	RESPONSE
263.629442	2	29	RESPONSE
263.813441	2	29	RESPONSE
264.005524	2	29	RESPONSE
264.197514	2	29	RESPONSE
264.389533	2	29	RESPONSE
264.565493	2	29	RESPONSE
264.741443	2	29	RESPONSE
265.271107	2	29	TRIAL_END
265.271627	2	29	CONSEQUENCE
265.271795	2	29	HIT
270.292348	2	30	TRIAL_START
272.053563	2	30	RESPONSE
272.253580	2	30	RESPONSE
272.445511	2	30	RESPONSE
272.621526	2	30	RESPONSE
272.805477	2	30	RESPONSE
272.981497	2	30	RESPONSE
273.173509	2	30	RESPONSE
273.373500	2	30	RESPONSE
274.297196	2	30	TRIAL_END
274.297714	2	30	CONSEQUENCE
274.297845	2	30	HIT
279.311775	2	31	TRIAL_START
281.165717	2	31	RESPONSE
281.373533	2	31	RESPONSE
281.557520	2	31	RESPONSE
281.749563	2	31	RESPONSE
281.933585	2	31	RESPONSE
282.109520	2	31	RESPONSE
282.309511	2	31	RESPONSE
283.312883	2	31	TRIAL_END
283.313828	2	31	MISS
288.322679	2	32	TRIAL_START
291.389649	2	32	RESPONSE
291.589580	2	32	RESPONSE
291.773550	2	32	RESPONSE
291.965619	2	32	RESPONSE
292.149643	2	32	RESPONSE
292.323630	2	32	TRIAL_END
292.324396	2	32	MISS
292.336030	2	33	IET R
292.501546	2	33	IET R
297.331590	2	33	TRIAL_START
300.141602	2	33	RESPONSE
300.349645	2	33	RESPONSE
300.549628	2	33	RESPONSE
300.749603	2	33	RESPONSE
300.933611	2	33	RESPONSE
301.117602	2	33	RESPONSE
301.317620	2	33	RESPONSE
301.331796	2	33	TRIAL_END
301.332579	2	33	CONSEQUENCE
301.332748	2	33	HIT
306.351327	2	34	TRIAL_START
308.773653	2	34	RESPONSE
308.989628	2	34	RESPONSE
309.189613	2	34	RESPONSE
309.381625	2	34	RESPONSE
309.581611	2	34	RESPONSE
309.765622	2	34	RESPONSE
309.941609	2	34	RESPONSE
310.353770	2	34	TRIAL_END
310.354277	2	34	MISS
315.370578	2	35	TRIAL_START
317.349635	2	35	RESPONSE
317.565643	2	35	RESPONSE
317.757699	2	35	RESPONSE
317.957659	2	35	RESPONSE
318.157639	2	35	RESPONSE
318.365645	2	35	RESPONSE
319.375777	2	35	TRIAL_END
319.376311	2	35	MISS
324.390559	2	36	TRIAL_START
326.221811	2	36	RESPONSE
326.421870	2	36	RESPONSE
326.613688	2	36	RESPONSE
326.789720	2	36	RESPONSE
326.965677	2	36	RESPONSE
327.149673	2	36	RESPONSE
327.325692	2	36	RESPONSE
328.393644	2	36	TRIAL_END
328.394179	2	36	CONSEQUENCE
328.394293	2	36	HIT
333.402145	2	37	TRIAL_START
335.365752	2	37	RESPONSE
335.581717	2	37	RESPONSE
335.781750	2	37	RESPONSE
335.965729	2	37	RESPONSE
336.149692	2	37	RESPONSE
336.325722	2	37	RESPONSE
336.525729	2	37	RESPONSE
337.404897	2	37	TRIAL_END
337.405662	2	37	MISS
342.424754	2	38	TRIAL_START
346.442584	2	38	TRIAL_END
346.443070	2	38	HIT
351.467022	2	39	TRIAL_START
353.485771	2	39	RESPONSE
353.693822	2	39	RESPONSE
353.893848	2	39	RESPONSE
354.077754	2	39	RESPONSE
354.261815	2	39	RESPONSE
354.453760	2	39	RESPONSE
354.645782	2	39	RESPONSE
354.829817	2	39	RESPONSE
355.471129	2	39	TRIAL_END
355.471650	2	39	CONSEQUENCE
355.471766	2	39	HIT
360.478559	2	40	TRIAL_START
364.485402	2	40	TRIAL_END
364.486184	2	40	HIT
369.501262	2	41	TRIAL_START
371.101873	2	41	RESPONSE
371.309810	2	41	RESPONSE
371.517828	2	41	RESPONSE
371.701823	2	41	RESPONSE
371.893845	2	41	RESPONSE
372.061906	2	41	RESPONSE
372.253823	2	41	RESPONSE
372.453827	2	41	RESPONSE
373.503014	2	41	TRIAL_END
373.503807	2	41	MISS
378.512080	2	42	TRIAL_START
380.469895	2	42	RESPONSE
380.669866	2	42	RESPONSE
380.877867	2	42	RESPONSE
381.069882	2	42	RESPONSE
381.245864	2	42	RESPONSE
381.437865	2	42	RESPONSE
381.653931	2	42	RESPONSE
382.513841	2	42	TRIAL_END
382.514370	2	42	CONSEQUENCE
382.514482	2	42	HIT
387.521787	2	43	TRIAL_START
389.693939	2	43	RESPONSE
389.901885	2	43	RESPONSE
390.110067	2	43	RESPONSE
390.301905	2	43	RESPONSE
390.477917	2	43	RESPONSE
390.685967	2	43	RESPONSE
390.869895	2	43	RESPONSE
391.525296	2	43	TRIAL_END
391.526069	2	43	CONSEQUENCE
391.526236	2	43	HIT
396.534018	2	44	TRIAL_START
398.917916	2	44	RESPONSE
399.117920	2	44	RESPONSE
399.309919	2	44	RESPONSE
399.485976	2	44	RESPONSE
399.677952	2	44	RESPONSE
399.854038	2	44	RESPONSE
400.061950	2	44	RESPONSE
400.537434	2	44	TRIAL_END
400.537936	2	44	MISS
405.553889	2	45	TRIAL_START
407.478078	2	45	RESPONSE
407.677950	2	45	RESPONSE
407.869927	2	45	RESPONSE
408.053998	2	45	RESPONSE
408.229943	2	45	RESPONSE
408.429947	2	45	RESPONSE
408.645975	2	45	RESPONSE
409.558618	2	45	TRIAL_END
409.559373	2	45	MISS
414.574830	2	46	TRIAL_START
417.157977	2	46	RESPONSE
417.358033	2	46	RESPONSE
417.542004	2	46	RESPONSE
417.710032	2	46	RESPONSE
417.893977	2	46	RESPONSE
418.086033	2	46	RESPONSE
418.576879	2	46	TRIAL_END
418.577576	2	46	MISS
423.587589	2	47	TRIAL_START
427.604878	2	47	TRIAL_END
427.605639	2	47	MISS
432.635881	2	48	TRIAL_START
436.637509	2	48	TRIAL_END
436.638013	2	48	HIT
441.663121	2	49	TRIAL_START
444.070122	2	49	RESPONSE
444.270138	2	49	RESPONSE
444.470075	2	49	RESPONSE
444.662058	2	49	RESPONSE
444.854097	2	49	RESPONSE
445.046133	2	49	RESPONSE
445.254063	2	49	RESPONSE
445.665250	2	49	TRIAL_END
445.666183	2	49	CONSEQUENCE
445.666361	2	49	HIT
450.675931	2	50	TRIAL_START
454.684950	2	50	TRIAL_END
454.685456	2	50	HIT
459.722100	2	51	TRIAL_START
462.070109	2	51	RESPONSE
462.270111	2	51	RESPONSE
462.462170	2	51	RESPONSE
462.654114	2	51	RESPONSE
462.838149	2	51	RESPONSE
463.022168	2	51	RESPONSE
463.230210	2	51	RESPONSE
463.723975	2	51	TRIAL_END
463.727943	2	51	CONSEQUENCE
463.728067	2	51	HIT
468.738111	2	52	TRIAL_START
472.190258	2	52	RESPONSE
472.406310	2	52	RESPONSE
472.606183	2	52	RESPONSE
472.738963	2	52	TRIAL_END
472.739464	2	52	CONSEQUENCE
472.739572	2	52	HIT
472.830254	2	53	IET R
473.038182	2	53	IET R
477.762090	2	53	TRIAL_START
479.814202	2	53	RESPONSE
480.038235	2	53	RESPONSE
480.246194	2	53	RESPONSE
480.438301	2	53	RESPONSE
480.646190	2	53	RESPONSE
481.763147	2	53	TRIAL_END
481.763671	2	53	CONSEQUENCE
481.763792	2	53	HIT
486.771178	2	54	TRIAL_START
490.776924	2	54	TRIAL_END
490.777414	2	54	HIT
495.796764	2	55	TRIAL_START
497.758282	2	55	RESPONSE
497.966299	2	55	RESPONSE
498.158260	2	55	RESPONSE
498.350309	2	55	RESPONSE
498.526284	2	55	RESPONSE
498.734417	2	55	RESPONSE
499.797654	2	55	TRIAL_END
499.798247	2	55	CONSEQUENCE
499.798362	2	55	HIT
504.805894	2	56	TRIAL_START
508.808869	2	56	TRIAL_END
508.809370	2	56	HIT
513.819781	2	57	TRIAL_START
516.294342	2	57	RESPONSE
516.510353	2	57	RESPONSE
516.718308	2	57	RESPONSE
516.902413	2	57	RESPONSE
517.094296	2	57	RESPONSE
517.294296	2	57	RESPONSE
517.820859	2	57	TRIAL_END
517.821395	2	57	MISS
522.832181	2	58	TRIAL_START
524.046337	2	58	RESPONSE
524.254371	2	58	RESPONSE
524.438332	2	58	RESPONSE
524.614313	2	58	RESPONSE
524.798355	2	58	RESPONSE
524.990327	2	58	RESPONSE
526.841606	2	58	TRIAL_END
526.842408	2	58	MISS
531.851221	2	59	TRIAL_START
533.926361	2	59	RESPONSE
534.142430	2	59	RESPONSE
534.310367	2	59	RESPONSE
534.518439	2	59	RESPONSE
534.726412	2	59	RESPONSE
534.942446	2	59	RESPONSE
535.852881	2	59	TRIAL_END
535.853660	2	59	CONSEQUENCE
535.853836	2	59	HIT
540.874694	2	60	TRIAL_START
544.880879	2	60	TRIAL_END
544.881621	2	60	HIT
549.897021	2	61	TRIAL_START
553.900761	2	61	TRIAL_END
553.901680	2	61	HIT
558.910454	2	62	TRIAL_START
561.286447	2	62	RESPONSE
561.526447	2	62	RESPONSE
561.766592	2	62	RESPONSE
562.022433	2	62	RESPONSE
562.302478	2	62	RESPONSE
562.912871	2	62	TRIAL_END
562.913392	2	62	CONSEQUENCE
562.913515	2	62	HIT
567.920528	2	63	TRIAL_START
569.582455	2	63	RESPONSE
569.814489	2	63	RESPONSE
570.046489	2	63	RESPONSE
570.262540	2	63	RESPONSE
570.486463	2	63	RESPONSE
570.718480	2	63	RESPONSE
571.924870	2	63	TRIAL_END
571.925392	2	63	MISS
576.951376	2	64	TRIAL_START
578.198570	2	64	RESPONSE
578.422527	2	64	RESPONSE
578.630490	2	64	RESPONSE
578.846499	2	64	RESPONSE
579.086509	2	64	RESPONSE
580.960877	2	64	TRIAL_END
580.961635	2	64	CONSEQUENCE
580.961804	2	64	HIT
585.982390	2	65	TRIAL_START
589.988907	2	65	TRIAL_END
589.989425	2	65	HIT
594.998722	2	66	TRIAL_START
599.002808	2	66	TRIAL_END
599.003588	2	66	MISS
604.015184	2	67	TRIAL_START
605.910685	2	67	RESPONSE
606.126649	2	67	RESPONSE
606.342597	2	67	RESPONSE
606.550663	2	67	RESPONSE
606.758645	2	67	RESPONSE
606.958673	2	67	RESPONSE
608.021062	2	67	TRIAL_END
608.021812	2	67	CONSEQUENCE
608.021981	2	67	HIT
613.029970	2	68	TRIAL_START
616.334728	2	68	RESPONSE
616.550646	2	68	RESPONSE
616.766630	2	68	RESPONSE
616.974632	2	68	RESPONSE
617.030934	2	68	TRIAL_END
617.031452	2	68	CONSEQUENCE
617.031558	2	68	HIT
617.182688	2	69	IET R
622.057412	2	69	TRIAL_START
624.142737	2	69	RESPONSE
624.350692	2	69	RESPONSE
624.550685	2	69	RESPONSE
624.750664	2	69	RESPONSE
624.950663	2	69	RESPONSE
625.158675	2	69	RESPONSE
626.062289	2	69	TRIAL_END
626.062850	2	69	MISS
631.069553	2	70	TRIAL_START
632.854677	2	70	RESPONSE
633.062708	2	70	RESPONSE
633.262709	2	70	RESPONSE
633.486679	2	70	RESPONSE
633.702780	2	70	RESPONSE
635.072891	2	70	TRIAL_END
635.073427	2	70	CONSEQUENCE
635.073570	2	70	HIT
640.081363	2	71	TRIAL_START
644.083382	2	71	TRIAL_END
644.083879	2	71	HIT
649.094909	2	72	TRIAL_START
651.038752	2	72	RESPONSE
651.270745	2	72	RESPONSE
651.478731	2	72	RESPONSE
651.694856	2	72	RESPONSE
651.918794	2	72	RESPONSE
653.100953	2	72	TRIAL_END
653.101745	2	72	CONSEQUENCE
653.101929	2	72	HIT
658.130683	2	73	TRIAL_START
660.958862	2	73	RESPONSE
661.183033	2	73	RESPONSE
661.422882	2	73	RESPONSE
661.678861	2	73	RESPONSE
661.926831	2	73	RESPONSE
662.131977	2	73	TRIAL_END
662.132506	2	73	CONSEQUENCE
662.132639	2	73	HIT
667.148446	2	74	TRIAL_START
668.990805	2	74	RESPONSE
669.214853	2	74	RESPONSE
669.438867	2	74	RESPONSE
669.654800	2	74	RESPONSE
669.894888	2	74	RESPONSE
671.152880	2	74	TRIAL_END
671.153410	2	74	MISS
676.175067	2	75	TRIAL_START
677.774879	2	75	RESPONSE
677.982831	2	75	RESPONSE
678.198848	2	75	RESPONSE
678.414817	2	75	RESPONSE
678.622857	2	75	RESPONSE
680.183748	2	75	TRIAL_END
680.184541	2	75	CONSEQUENCE
680.184716	2	75	HIT
685.194367	2	76	TRIAL_START
687.166870	2	76	RESPONSE
687.382865	2	76	RESPONSE
687.582899	2	76	RESPONSE
687.782937	2	76	RESPONSE
687.990867	2	76	RESPONSE
689.194862	2	76	TRIAL_END
689.195397	2	76	CONSEQUENCE
689.195510	2	76	HIT
694.207094	2	77	TRIAL_START
695.542883	2	77	RESPONSE
695.750921	2	77	RESPONSE
695.950949	2	77	RESPONSE
696.142904	2	77	RESPONSE
696.342919	2	77	RESPONSE
698.217214	2	77	TRIAL_END
698.217718	2	77	CONSEQUENCE
698.217845	2	77	HIT
703.250362	2	78	TRIAL_START
707.270911	2	78	TRIAL_END
707.271410	2	78	HIT
712.293656	2	79	TRIAL_START
715.366973	2	79	RESPONSE
715.550962	2	79	RESPONSE
715.734973	2	79	RESPONSE
715.943015	2	79	RESPONSE
716.174983	2	79	RESPONSE
716.294696	2	79	TRIAL_END
716.295186	2	79	CONSEQUENCE
716.295295	2	79	HIT
721.314933	2	80	TRIAL_START
725.325918	2	80	TRIAL_END
725.326411	2	80	HIT
730.337565	2	81	TRIAL_START
731.879075	2	81	RESPONSE
732.087013	2	81	RESPONSE
732.287021	2	81	RESPONSE
732.487047	2	81	RESPONSE
732.655013	2	81	RESPONSE
732.871095	2	81	RESPONSE
733.087034	2	81	RESPONSE
734.340877	2	81	TRIAL_END
734.341684	2	81	CONSEQUENCE
734.341906	2	81	HIT
739.353143	2	82	TRIAL_START
741.263032	2	82	RESPONSE
741.471114	2	82	RESPONSE
741.671130	2	82	RESPONSE
741.863077	2	82	RESPONSE
742.063110	2	82	RESPONSE
742.271073	2	82	RESPONSE
743.357477	2	82	TRIAL_END
743.358251	2	82	CONSEQUENCE
743.358418	2	82	HIT
748.366213	2	83	TRIAL_START
752.384877	2	83	TRIAL_END
752.385868	2	83	HIT
757.413883	2	84	TRIAL_START
758.511014	2	84	RESPONSE
758.727086	2	84	RESPONSE
758.943009	2	84	RESPONSE
759.135016	2	84	RESPONSE
759.327014	2	84	RESPONSE
759.543035	2	84	RESPONSE
761.420793	2	84	TRIAL_END
761.421365	2	84	CONSEQUENCE
761.421474	2	84	HIT
766.429904	2	85	TRIAL_START
770.440895	2	85	TRIAL_END
770.441421	2	85	HIT
775.451274	2	86	TRIAL_START
776.735040	2	86	RESPONSE
776.958990	2	86	RESPONSE
777.166970	2	86	RESPONSE
777.358997	2	86	RESPONSE
777.558999	2	86	RESPONSE
777.767060	2	86	RESPONSE
779.457464	2	86	TRIAL_END
779.458019	2	86	CONSEQUENCE
779.458142	2	86	HIT
784.470880	2	87	TRIAL_START
787.783049	2	87	RESPONSE
787.966942	2	87	RESPONSE
788.159042	2	87	RESPONSE
788.334932	2	87	RESPONSE
788.471613	2	87	TRIAL_END
788.472387	2	87	CONSEQUENCE
788.472562	2	87	HIT
788.518960	2	88	IET R
793.479303	2	88	TRIAL_START
797.488949	2	88	TRIAL_END
797.489494	2	88	HIT
802.498667	2	89	TRIAL_START
806.500835	2	89	TRIAL_END
806.501402	2	89	HIT
811.545447	2	90	TRIAL_START
812.782919	2	90	RESPONSE
812.998970	2	90	RESPONSE
813.174907	2	90	RESPONSE
813.358949	2	90	RESPONSE
813.550964	2	90	RESPONSE
813.718936	2	90	RESPONSE
815.552892	2	90	TRIAL_END
815.553426	2	90	CONSEQUENCE
815.553539	2	90	HIT
820.570277	2	91	TRIAL_START
824.571510	2	91	TRIAL_END
824.572343	2	91	HIT
829.584909	2	92	TRIAL_START
831.142938	2	92	RESPONSE
831.366933	2	92	RESPONSE
831.574973	2	92	RESPONSE
831.758867	2	92	RESPONSE
831.966862	2	92	RESPONSE
832.174943	2	92	RESPONSE
833.586470	2	92	TRIAL_END
833.587247	2	92	CONSEQUENCE
833.587415	2	92	HIT
838.595179	2	93	TRIAL_START
841.694863	2	93	RESPONSE
842.596031	2	93	TRIAL_END
842.596834	2	93	MISS
847.625163	2	94	TRIAL_START
851.640879	2	94	TRIAL_END
851.641604	2	94	HIT
856.655780	2	95	TRIAL_START
858.318886	2	95	RESPONSE
858.574828	2	95	RESPONSE
858.830861	2	95	RESPONSE
859.062896	2	95	RESPONSE
859.270837	2	95	RESPONSE
859.478805	2	95	RESPONSE
859.702903	2	95	RESPONSE
860.660784	2	95	TRIAL_END
860.661566	2	95	MISS
865.672921	2	96	TRIAL_START
867.614791	2	96	RESPONSE
867.822829	2	96	RESPONSE
868.030804	2	96	RESPONSE
868.230885	2	96	RESPONSE
868.422802	2	96	RESPONSE
868.622828	2	96	RESPONSE
868.831062	2	96	RESPONSE
869.677412	2	96	TRIAL_END
869.677939	2	96	CONSEQUENCE
869.678103	2	96	HIT
874.687090	2	97	TRIAL_START
878.688785	2	97	TRIAL_END
878.689591	2	97	HIT
883.696744	2	98	TRIAL_START
887.707145	2	98	TRIAL_END
887.707972	2	98	HIT
892.734829	2	99	TRIAL_START
894.006836	2	99	RESPONSE
894.230779	2	99	RESPONSE
894.430776	2	99	RESPONSE
894.646784	2	99	RESPONSE
894.846805	2	99	RESPONSE
895.046849	2	99	RESPONSE
895.270825	2	99	RESPONSE
896.742254	2	99	TRIAL_END
896.743243	2	99	CONSEQUENCE
896.743411	2	99	HIT
901.758966	2	100	TRIAL_START
905.760084	2	100	TRIAL_END
905.761023	2	100	HIT
910.779200	2	101	TRIAL_START
912.174933	2	101	RESPONSE
912.398770	2	101	RESPONSE
912.614770	2	101	RESPONSE
912.838776	2	101	RESPONSE
913.046781	2	101	RESPONSE
913.270753	2	101	RESPONSE
913.510853	2	101	RESPONSE
913.742779	2	101	RESPONSE
913.958751	2	101	RESPONSE
914.783959	2	101	TRIAL_END
914.784791	2	101	CONSEQUENCE
914.784990	2	101	HIT
919.793183	2	102	TRIAL_START
921.966844	2	102	RESPONSE
922.206743	2	102	RESPONSE
922.430734	2	102	RESPONSE
922.646773	2	102	RESPONSE
922.854734	2	102	RESPONSE
923.046744	2	102	RESPONSE
923.270783	2	102	RESPONSE
923.486712	2	102	RESPONSE
923.726743	2	102	RESPONSE
923.794181	2	102	TRIAL_END
923.794951	2	102	CONSEQUENCE
923.795114	2	102	HIT
928.802901	2	103	TRIAL_START
932.823485	2	103	TRIAL_END
932.824291	2	103	HIT
937.852390	2	104	TRIAL_START
940.470768	2	104	RESPONSE
940.694734	2	104	RESPONSE
940.918720	2	104	RESPONSE
941.126852	2	104	RESPONSE
941.334743	2	104	RESPONSE
941.550723	2	104	RESPONSE
941.774717	2	104	RESPONSE
941.852888	2	104	TRIAL_END
941.853378	2	104	CONSEQUENCE
941.853485	2	104	HIT
946.867546	2	105	TRIAL_START
950.876896	2	105	TRIAL_END
950.877458	2	105	HIT
955.895579	2	106	TRIAL_START
959.901578	2	106	TRIAL_END
959.902379	2	106	HIT
964.916274	2	107	TRIAL_START
968.918718	2	107	TRIAL_END
968.919212	2	107	HIT
973.926792	2	108	TRIAL_START
976.526794	2	108	RESPONSE
976.734737	2	108	RESPONSE
976.942688	2	108	RESPONSE
977.158745	2	108	RESPONSE
977.374683	2	108	RESPONSE
977.582733	2	108	RESPONSE
977.798684	2	108	RESPONSE
977.927478	2	108	TRIAL_END
977.928238	2	108	CONSEQUENCE
977.928404	2	108	HIT
978.014748	2	109	IET R
978.230693	2	109	IET R
982.954679	2	109	TRIAL_START
985.486848	2	109	RESPONSE
985.686736	2	109	RESPONSE
985.886714	2	109	RESPONSE
986.094689	2	109	RESPONSE
986.286724	2	109	RESPONSE
986.470657	2	109	RESPONSE
986.678684	2	109	RESPONSE
986.870671	2	109	RESPONSE
986.955205	2	109	TRIAL_END
986.955996	2	109	CONSEQUENCE
986.956179	2	109	HIT
987.070670	2	110	IET R
987.278702	2	110	IET R
991.979671	2	110	TRIAL_START
995.992292	2	110	TRIAL_END
995.993054	2	110	HIT
1001.011472	2	111	TRIAL_START
1003.526666	2	111	RESPONSE
1003.734664	2	111	RESPONSE
1003.918678	2	111	RESPONSE
1004.118680	2	111	RESPONSE
1004.294688	2	111	RESPONSE
1004.462667	2	111	RESPONSE
1004.726675	2	111	RESPONSE
1004.934677	2	111	RESPONSE
1005.012166	2	111	TRIAL_END
1005.012955	2	111	CONSEQUENCE
1005.013138	2	111	HIT
1005.134662	2	112	IET R
1005.350700	2	112	IET R
1010.021038	2	112	TRIAL_START
1014.023543	2	112	TRIAL_END
1014.024056	2	112	HIT
1019.031785	2	113	TRIAL_START
1022.062667	2	113	RESPONSE
1022.270680	2	113	RESPONSE
1022.454674	2	113	RESPONSE
1022.646792	2	113	RESPONSE
1022.854673	2	113	RESPONSE
1023.032794	2	113	TRIAL_END
1023.033775	2	113	CONSEQUENCE
1023.033938	2	113	HIT
1023.047424	2	114	IET R
1023.246705	2	114	IET R
1023.398727	2	114	IET R
1028.063258	2	114	TRIAL_START
1031.718640	2	114	RESPONSE
1031.926653	2	114	RESPONSE
1032.063716	2	114	TRIAL_END
1032.064231	2	114	CONSEQUENCE
1032.064344	2	114	HIT
1032.118653	2	115	IET R
1032.286698	2	115	IET R
1032.446674	2	115	IET R
1037.086223	2	115	TRIAL_START
1041.098984	2	115	TRIAL_END
1041.099721	2	115	HIT
1046.118416	2	116	TRIAL_START
1050.126303	2	116	TRIAL_END
1050.127045	2	116	HIT
1055.140329	2	117	TRIAL_START
1057.358651	2	117	RESPONSE
1057.582647	2	117	RESPONSE
1057.766715	2	117	RESPONSE
1057.950697	2	117	RESPONSE
1058.134749	2	117	RESPONSE
1058.310647	2	117	RESPONSE
1058.494723	2	117	RESPONSE
1058.662641	2	117	RESPONSE
1058.838661	2	117	RESPONSE
1059.022661	2	117	RESPONSE
1059.141599	2	117	TRIAL_END
1059.142355	2	117	CONSEQUENCE
1059.142523	2	117	HIT
1059.190691	2	118	IET R
1059.366664	2	118	IET R
1059.526720	2	118	IET R
1064.146784	3	118	TRIAL_START
1074.149062	3	118	TRIAL_END
