time	bloc	trial	event
0.009773	1	1	TRIAL_START
6.028680	1	1	TRIAL_END
6.530739	1	2	TRIAL_START
45.927077	1	2	TRIAL_END
46.447286	1	3	TRIAL_START
47.792793	1	3	RESPONSE
47.795145	1	3	CONSEQUENCE
48.105015	1	3	RESPONSE
48.360804	1	3	RESPONSE
48.640783	1	3	RESPONSE
48.641085	1	3	CONSEQUENCE
49.064834	1	3	RESPONSE
49.440767	1	3	RESPONSE
49.441053	1	3	CONSEQUENCE
49.849108	1	3	RESPONSE
50.256774	1	3	RESPONSE
50.257034	1	3	CONSEQUENCE
50.648920	1	3	RESPONSE
51.018148	1	3	RESPONSE
51.368765	1	3	RESPONSE
51.369116	1	3	CONSEQUENCE
51.728822	1	3	RESPONSE
52.048753	1	3	RESPONSE
52.400737	1	3	RESPONSE
52.401003	1	3	CONSEQUENCE
52.752971	1	3	RESPONSE
53.280796	1	3	RESPONSE
53.281125	1	3	CONSEQUENCE
53.592760	1	3	RESPONSE
53.872740	1	3	RESPONSE
54.160913	1	3	RESPONSE
54.161337	1	3	CONSEQUENCE
54.464967	1	3	RESPONSE
54.752730	1	3	RESPONSE
55.112721	1	3	RESPONSE
55.113040	1	3	CONSEQUENCE
55.424721	1	3	RESPONSE
55.728768	1	3	RESPONSE
56.016763	1	3	RESPONSE
56.017102	1	3	CONSEQUENCE
56.352777	1	3	RESPONSE
56.624754	1	3	RESPONSE
56.920726	1	3	RESPONSE
56.921001	1	3	CONSEQUENCE
57.208718	1	3	RESPONSE
57.480736	1	3	RESPONSE
57.784830	1	3	RESPONSE
57.785142	1	3	CONSEQUENCE
58.240703	1	3	RESPONSE
58.544707	1	3	RESPONSE
60.232697	1	3	RESPONSE
60.232984	1	3	CONSEQUENCE
60.880678	1	3	RESPONSE
61.176791	1	3	RESPONSE
61.177198	1	3	CONSEQUENCE
61.481122	1	3	RESPONSE
61.713093	1	3	RESPONSE
61.968710	1	3	RESPONSE
62.248710	1	3	RESPONSE
62.249041	1	3	CONSEQUENCE
62.568722	1	3	RESPONSE
62.880705	1	3	RESPONSE
63.224884	1	3	RESPONSE
63.225211	1	3	CONSEQUENCE
63.504895	1	3	RESPONSE
63.760726	1	3	RESPONSE
64.048743	1	3	RESPONSE
64.049133	1	3	CONSEQUENCE
64.312697	1	3	RESPONSE
64.696671	1	3	RESPONSE
64.936720	1	3	RESPONSE
64.937044	1	3	CONSEQUENCE
65.232630	1	3	RESPONSE
65.544643	1	3	RESPONSE
65.816647	1	3	RESPONSE
65.816919	1	3	CONSEQUENCE
66.112756	1	3	RESPONSE
66.368627	1	3	RESPONSE
66.448305	1	3	TRIAL_END
66.648642	1	4	IET R
66.950947	1	4	TRIAL_START
72.952979	1	4	TRIAL_END
73.457133	1	5	TRIAL_START
79.466517	1	5	TRIAL_END
79.970542	1	6	TRIAL_START
82.972199	1	6	TRIAL_END
83.476430	1	7	TRIAL_START
84.481848	1	7	TRIAL_END
84.985810	1	8	TRIAL_START
85.991181	1	8	TRIAL_END
86.495306	1	9	TRIAL_START
87.498537	1	9	TRIAL_END
88.010933	2	10	TRIAL_START
89.264478	2	10	RESPONSE
89.560483	2	10	RESPONSE
89.840509	2	10	RESPONSE
90.104496	2	10	RESPONSE
90.360537	2	10	RESPONSE
90.632761	2	10	RESPONSE
90.904521	2	10	RESPONSE
91.200514	2	10	RESPONSE
91.496566	2	10	RESPONSE
91.784494	2	10	RESPONSE
92.011974	2	10	TRIAL_END
92.012769	2	10	MISS
92.088666	2	11	IET R
92.376475	2	11	IET R
97.029935	2	11	TRIAL_START
98.848450	2	11	RESPONSE
99.192403	2	11	RESPONSE
99.504430	2	11	RESPONSE
99.832484	2	11	RESPONSE
100.152390	2	11	RESPONSE
100.424413	2	11	RESPONSE
100.712461	2	11	RESPONSE
100.992446	2	11	RESPONSE
101.030798	2	11	TRIAL_END
101.031771	2	11	MISS
101.296467	2	12	IET R
106.056523	2	12	TRIAL_START
108.440454	2	12	RESPONSE
108.720358	2	12	RESPONSE
109.008422	2	12	RESPONSE
109.296394	2	12	RESPONSE
109.568386	2	12	RESPONSE
109.880353	2	12	RESPONSE
110.057686	2	12	TRIAL_END
110.058199	2	12	CONSEQUENCE
110.058307	2	12	HIT
110.168374	2	13	IET R
110.448356	2	13	IET R
115.077864	2	13	TRIAL_START
116.528354	2	13	RESPONSE
116.792313	2	13	RESPONSE
117.056322	2	13	RESPONSE
117.328318	2	13	RESPONSE
117.600277	2	13	RESPONSE
117.864479	2	13	RESPONSE
118.128294	2	13	RESPONSE
118.424304	2	13	RESPONSE
118.696347	2	13	RESPONSE
118.944354	2	13	RESPONSE
119.079209	2	13	TRIAL_END
119.079831	2	13	MISS
119.240291	2	14	IET R
119.488347	2	14	IET R
124.089157	2	14	TRIAL_START
125.408339	2	14	RESPONSE
125.672247	2	14	RESPONSE
125.912586	2	14	RESPONSE
126.176246	2	14	RESPONSE
126.432239	2	14	RESPONSE
126.712250	2	14	RESPONSE
126.984231	2	14	RESPONSE
127.280517	2	14	RESPONSE
127.544268	2	14	RESPONSE
127.824360	2	14	RESPONSE
128.090803	2	14	TRIAL_END
128.091350	2	14	CONSEQUENCE
128.091485	2	14	HIT
128.107974	2	15	IET R
133.100751	2	15	TRIAL_START
137.118586	2	15	TRIAL_END
137.119639	2	15	HIT
142.141658	2	16	TRIAL_START
143.264137	2	16	RESPONSE
143.520213	2	16	RESPONSE
143.792193	2	16	RESPONSE
144.080133	2	16	RESPONSE
144.360129	2	16	RESPONSE
144.640137	2	16	RESPONSE
144.904108	2	16	RESPONSE
145.176111	2	16	RESPONSE
145.448120	2	16	RESPONSE
145.720260	2	16	RESPONSE
146.016117	2	16	RESPONSE
146.141828	2	16	TRIAL_END
146.142648	2	16	CONSEQUENCE
146.142816	2	16	HIT
146.272258	2	17	IET R
146.560098	2	17	IET R
151.166204	2	17	TRIAL_START
152.376065	2	17	RESPONSE
152.656104	2	17	RESPONSE
152.896175	2	17	RESPONSE
153.200076	2	17	RESPONSE
153.464089	2	17	RESPONSE
153.728073	2	17	RESPONSE
154.008060	2	17	RESPONSE
154.320161	2	17	RESPONSE
154.616130	2	17	RESPONSE
154.928057	2	17	RESPONSE
155.167682	2	17	TRIAL_END
155.168447	2	17	CONSEQUENCE
155.168616	2	17	HIT
155.208059	2	18	IET R
155.480125	2	18	IET R
160.179769	2	18	TRIAL_START
161.344037	2	18	RESPONSE
161.656015	2	18	RESPONSE
161.952032	2	18	RESPONSE
162.232042	2	18	RESPONSE
162.536036	2	18	RESPONSE
162.816058	2	18	RESPONSE
163.136048	2	18	RESPONSE
163.448124	2	18	RESPONSE
163.792057	2	18	RESPONSE
164.144403	2	18	RESPONSE
164.180773	2	18	TRIAL_END
164.181639	2	18	CONSEQUENCE
164.181821	2	18	HIT
164.464022	2	19	IET R
169.196147	2	19	TRIAL_START
170.968005	2	19	RESPONSE
171.240052	2	19	RESPONSE
171.519968	2	19	RESPONSE
171.791968	2	19	RESPONSE
172.055984	2	19	RESPONSE
172.335977	2	19	RESPONSE
172.640003	2	19	RESPONSE
172.927977	2	19	RESPONSE
173.197444	2	19	TRIAL_END
173.197972	2	19	MISS
173.255995	2	20	IET R
173.551960	2	20	IET R
178.204976	2	20	TRIAL_START
179.471987	2	20	RESPONSE
179.775953	2	20	RESPONSE
180.008414	2	20	RESPONSE
180.272292	2	20	RESPONSE
180.527930	2	20	RESPONSE
180.791925	2	20	RESPONSE
181.031932	2	20	RESPONSE
181.311977	2	20	RESPONSE
181.567914	2	20	RESPONSE
181.847908	2	20	RESPONSE
182.103932	2	20	RESPONSE
182.205595	2	20	TRIAL_END
182.206628	2	20	CONSEQUENCE
182.206775	2	20	HIT
182.320052	2	21	IET R
182.535901	2	21	IET R
187.233284	2	21	TRIAL_START
191.251574	2	21	TRIAL_END
191.252176	2	21	MISS
196.264921	2	22	TRIAL_START
200.276647	2	22	TRIAL_END
200.277485	2	22	MISS
205.298228	2	23	TRIAL_START
209.306264	2	23	TRIAL_END
209.307048	2	23	HIT
214.314195	2	24	TRIAL_START
218.316152	2	24	TRIAL_END
218.316672	2	24	MISS
223.327474	2	25	TRIAL_START
226.119725	2	25	RESPONSE
226.335756	2	25	RESPONSE
226.535678	2	25	RESPONSE
226.783673	2	25	RESPONSE
226.999700	2	25	RESPONSE
227.247675	2	25	RESPONSE
227.328200	2	25	TRIAL_END
227.328746	2	25	MISS
227.471677	2	26	IET R
227.719717	2	26	IET R
232.341051	2	26	TRIAL_START
236.343411	2	26	TRIAL_END
236.343940	2	26	MISS
241.368774	2	27	TRIAL_START
245.381850	2	27	TRIAL_END
245.382639	2	27	HIT
250.401852	2	28	TRIAL_START
254.408787	2	28	TRIAL_END
254.409588	2	28	MISS
259.422988	2	29	TRIAL_START
263.426012	2	29	TRIAL_END
263.426770	2	29	HIT
268.436971	2	30	TRIAL_START
269.751675	2	30	RESPONSE
270.055867	2	30	RESPONSE
270.319501	2	30	RESPONSE
270.551490	2	30	RESPONSE
270.775474	2	30	RESPONSE
271.015487	2	30	RESPONSE
271.239473	2	30	RESPONSE
271.471488	2	30	RESPONSE
271.711530	2	30	RESPONSE
271.975509	2	30	RESPONSE
272.207676	2	30	RESPONSE
272.437940	2	30	TRIAL_END
272.438464	2	30	CONSEQUENCE
272.438597	2	30	HIT
272.455730	2	31	IET R
272.703687	2	31	IET R
277.469723	2	31	TRIAL_START
278.711448	2	31	RESPONSE
278.967461	2	31	RESPONSE
279.199465	2	31	RESPONSE
279.439563	2	31	RESPONSE
279.679510	2	31	RESPONSE
279.911584	2	31	RESPONSE
280.136126	2	31	RESPONSE
280.391466	2	31	RESPONSE
280.631453	2	31	RESPONSE
280.879690	2	31	RESPONSE
281.127434	2	31	RESPONSE
281.367442	2	31	RESPONSE
281.471082	2	31	TRIAL_END
281.471838	2	31	CONSEQUENCE
281.472027	2	31	HIT
281.599453	2	32	IET R
281.847530	2	32	IET R
286.494865	2	32	TRIAL_START
290.500997	2	32	TRIAL_END
290.501522	2	32	HIT
295.522628	2	33	TRIAL_START
296.655457	2	33	RESPONSE
296.911380	2	33	RESPONSE
297.143396	2	33	RESPONSE
297.367388	2	33	RESPONSE
297.615364	2	33	RESPONSE
297.871519	2	33	RESPONSE
298.135549	2	33	RESPONSE
298.391359	2	33	RESPONSE
298.639423	2	33	RESPONSE
298.903453	2	33	RESPONSE
299.151437	2	33	RESPONSE
299.399417	2	33	RESPONSE
299.523027	2	33	TRIAL_END
299.523564	2	33	CONSEQUENCE
299.523679	2	33	HIT
299.647420	2	34	IET R
299.895355	2	34	IET R
304.539848	2	34	TRIAL_START
308.541280	2	34	TRIAL_END
308.541811	2	34	HIT
313.551704	2	35	TRIAL_START
317.555103	2	35	TRIAL_END
317.555780	2	35	MISS
322.573911	2	36	TRIAL_START
326.592226	2	36	TRIAL_END
326.593250	2	36	HIT
331.609112	2	37	TRIAL_START
335.610556	2	37	TRIAL_END
335.611332	2	37	MISS
340.622298	2	38	TRIAL_START
344.631383	2	38	TRIAL_END
344.631900	2	38	HIT
349.644731	2	39	TRIAL_START
353.648652	2	39	TRIAL_END
353.651407	2	39	MISS
358.660216	2	40	TRIAL_START
360.815167	2	40	RESPONSE
361.079142	2	40	RESPONSE
361.319309	2	40	RESPONSE
361.535135	2	40	RESPONSE
361.767143	2	40	RESPONSE
361.975160	2	40	RESPONSE
362.255262	2	40	RESPONSE
362.487136	2	40	RESPONSE
362.661030	2	40	TRIAL_END
362.661585	2	40	MISS
362.727202	2	41	IET R
362.959214	2	41	IET R
367.692183	2	41	TRIAL_START
371.710534	2	41	TRIAL_END
371.711320	2	41	HIT
376.738980	2	42	TRIAL_START
380.739590	2	42	TRIAL_END
380.740144	2	42	MISS
385.760432	2	43	TRIAL_START
389.769492	2	43	TRIAL_END
389.770297	2	43	MISS
394.784955	2	44	TRIAL_START
398.789037	2	44	TRIAL_END
398.789804	2	44	HIT
403.801699	2	45	TRIAL_START
404.935114	2	45	RESPONSE
405.223026	2	45	RESPONSE
405.479402	2	45	RESPONSE
405.743050	2	45	RESPONSE
406.015032	2	45	RESPONSE
406.303032	2	45	RESPONSE
406.583004	2	45	RESPONSE
406.855026	2	45	RESPONSE
407.119025	2	45	RESPONSE
407.391266	2	45	RESPONSE
407.655017	2	45	RESPONSE
407.801935	2	45	TRIAL_END
407.802816	2	45	CONSEQUENCE
407.802996	2	45	HIT
407.927224	2	46	IET R
408.167061	2	46	IET R
412.834292	2	46	TRIAL_START
416.854279	2	46	TRIAL_END
416.854821	2	46	MISS
421.871191	2	47	TRIAL_START
425.885478	2	47	TRIAL_END
425.886009	2	47	HIT
430.906787	2	48	TRIAL_START
434.911277	2	48	TRIAL_END
434.913165	2	48	HIT
439.926023	2	49	TRIAL_START
441.159160	2	49	RESPONSE
441.423123	2	49	RESPONSE
441.678920	2	49	RESPONSE
441.950936	2	49	RESPONSE
442.199014	2	49	RESPONSE
442.478904	2	49	RESPONSE
442.750923	2	49	RESPONSE
443.022940	2	49	RESPONSE
443.294917	2	49	RESPONSE
443.567101	2	49	RESPONSE
443.846913	2	49	RESPONSE
443.926615	2	49	TRIAL_END
443.927216	2	49	CONSEQUENCE
443.927340	2	49	HIT
444.134912	2	50	IET R
448.938401	2	50	TRIAL_START
452.958651	2	50	TRIAL_END
452.959214	2	50	HIT
457.969552	2	51	TRIAL_START
461.986530	2	51	TRIAL_END
461.988420	2	51	MISS
467.003828	2	52	TRIAL_START
471.004966	2	52	TRIAL_END
471.005965	2	52	HIT
476.024490	2	53	TRIAL_START
477.302925	2	53	RESPONSE
477.559046	2	53	RESPONSE
477.782908	2	53	RESPONSE
478.022866	2	53	RESPONSE
478.278861	2	53	RESPONSE
478.518875	2	53	RESPONSE
478.750836	2	53	RESPONSE
479.006967	2	53	RESPONSE
479.270809	2	53	RESPONSE
479.542899	2	53	RESPONSE
479.766902	2	53	RESPONSE
480.025253	2	53	TRIAL_END
480.025784	2	53	CONSEQUENCE
480.025897	2	53	HIT
480.046789	2	54	IET R
480.311184	2	54	IET R
485.034387	2	54	TRIAL_START
489.038518	2	54	TRIAL_END
489.039480	2	54	HIT
494.049432	2	55	TRIAL_START
498.066525	2	55	TRIAL_END
498.067104	2	55	MISS
503.098462	2	56	TRIAL_START
504.775001	2	56	RESPONSE
505.214757	2	56	RESPONSE
505.470793	2	56	RESPONSE
505.710762	2	56	RESPONSE
505.982743	2	56	RESPONSE
506.230805	2	56	RESPONSE
506.446908	2	56	RESPONSE
506.662776	2	56	RESPONSE
506.871010	2	56	RESPONSE
507.078781	2	56	RESPONSE
507.099016	2	56	TRIAL_END
507.099663	2	56	CONSEQUENCE
507.099792	2	56	HIT
507.294832	2	57	IET R
507.486755	2	57	IET R
512.127409	2	57	TRIAL_START
516.142520	2	57	TRIAL_END
516.143272	2	57	HIT
521.165793	2	58	TRIAL_START
525.175659	2	58	TRIAL_END
525.176168	2	58	HIT
530.193632	2	59	TRIAL_START
531.038704	2	59	RESPONSE
531.294768	2	59	RESPONSE
531.510702	2	59	RESPONSE
531.718743	2	59	RESPONSE
531.958725	2	59	RESPONSE
532.166706	2	59	RESPONSE
532.390740	2	59	RESPONSE
532.606737	2	59	RESPONSE
532.814800	2	59	RESPONSE
533.022736	2	59	RESPONSE
533.294756	2	59	RESPONSE
533.542891	2	59	RESPONSE
533.766743	2	59	RESPONSE
534.022745	2	59	RESPONSE
534.194140	2	59	TRIAL_END
534.194925	2	59	CONSEQUENCE
534.195095	2	59	HIT
534.238907	2	60	IET R
534.486745	2	60	IET R
539.207652	2	60	TRIAL_START
540.046862	2	60	RESPONSE
540.286764	2	60	RESPONSE
540.518733	2	60	RESPONSE
540.750744	2	60	RESPONSE
540.950883	2	60	RESPONSE
541.166691	2	60	RESPONSE
541.374943	2	60	RESPONSE
541.646760	2	60	RESPONSE
541.878704	2	60	RESPONSE
542.086743	2	60	RESPONSE
542.326874	2	60	RESPONSE
542.598701	2	60	RESPONSE
542.822727	2	60	RESPONSE
543.070785	2	60	RESPONSE
543.208525	2	60	TRIAL_END
543.209052	2	60	CONSEQUENCE
543.209163	2	60	HIT
543.318712	2	61	IET R
543.534750	2	61	IET R
548.216115	2	61	TRIAL_START
549.262669	2	61	RESPONSE
549.486695	2	61	RESPONSE
549.742797	2	61	RESPONSE
549.982978	2	61	RESPONSE
550.222683	2	61	RESPONSE
550.446716	2	61	RESPONSE
550.710749	2	61	RESPONSE
550.958682	2	61	RESPONSE
551.182901	2	61	RESPONSE
551.430679	2	61	RESPONSE
551.686772	2	61	RESPONSE
551.878705	2	61	RESPONSE
552.142880	2	61	RESPONSE
552.217391	2	61	TRIAL_END
552.218173	2	61	CONSEQUENCE
552.218352	2	61	HIT
552.406671	2	62	IET R
552.638657	2	62	IET R
557.249120	2	62	TRIAL_START
561.263717	2	62	TRIAL_END
561.264313	2	62	HIT
566.273719	2	63	TRIAL_START
570.284826	2	63	TRIAL_END
570.285813	2	63	MISS
575.303579	2	64	TRIAL_START
579.306581	2	64	TRIAL_END
579.307560	2	64	HIT
584.315821	2	65	TRIAL_START
588.316390	2	65	TRIAL_END
588.317384	2	65	HIT
593.325656	2	66	TRIAL_START
594.542600	2	66	RESPONSE
594.831098	2	66	RESPONSE
595.086611	2	66	RESPONSE
595.334644	2	66	RESPONSE
595.582619	2	66	RESPONSE
595.846696	2	66	RESPONSE
596.102676	2	66	RESPONSE
596.374626	2	66	RESPONSE
596.646616	2	66	RESPONSE
596.894869	2	66	RESPONSE
597.134630	2	66	RESPONSE
597.326578	2	66	TRIAL_END
597.327114	2	66	CONSEQUENCE
597.327227	2	66	HIT
597.406661	2	67	IET R
597.630815	2	67	IET R
602.338894	2	67	TRIAL_START
606.345566	2	67	TRIAL_END
606.346342	2	67	MISS
611.370130	2	68	TRIAL_START
615.381641	2	68	TRIAL_END
615.382168	2	68	HIT
620.401788	2	69	TRIAL_START
624.402989	2	69	TRIAL_END
624.403580	2	69	HIT
629.416219	2	70	TRIAL_START
630.350703	2	70	RESPONSE
633.417431	2	70	TRIAL_END
633.417957	2	70	CONSEQUENCE
633.418068	2	70	HIT
638.426037	2	71	TRIAL_START
642.222683	2	71	RESPONSE
642.427843	2	71	TRIAL_END
642.428635	2	71	MISS
647.457604	2	72	TRIAL_START
649.542547	2	72	RESPONSE
651.466515	2	72	TRIAL_END
651.467046	2	72	MISS
656.492216	2	73	TRIAL_START
657.854553	2	73	RESPONSE
660.502524	2	73	TRIAL_END
660.503192	2	73	MISS
665.511467	2	74	TRIAL_START
666.782790	2	74	RESPONSE
667.054608	2	74	RESPONSE
667.310556	2	74	RESPONSE
667.566540	2	74	RESPONSE
667.838598	2	74	RESPONSE
668.110772	2	74	RESPONSE
668.406531	2	74	RESPONSE
668.670508	2	74	RESPONSE
668.958623	2	74	RESPONSE
669.246517	2	74	RESPONSE
669.512610	2	74	TRIAL_END
669.513501	2	74	CONSEQUENCE
669.513678	2	74	HIT
669.542551	2	75	IET R
669.830537	2	75	IET R
674.524105	2	75	TRIAL_START
678.525667	2	75	TRIAL_END
678.526171	2	75	MISS
679.310711	2	76	IET R
683.534347	2	76	TRIAL_START
684.662586	2	76	RESPONSE
685.342558	2	76	RESPONSE
687.542823	2	76	TRIAL_END
687.543635	2	76	MISS
692.553786	2	77	TRIAL_START
693.622715	2	77	RESPONSE
693.894509	2	77	RESPONSE
694.134643	2	77	RESPONSE
694.374605	2	77	RESPONSE
694.630674	2	77	RESPONSE
694.886457	2	77	RESPONSE
695.150476	2	77	RESPONSE
695.382504	2	77	RESPONSE
695.646509	2	77	RESPONSE
695.902597	2	77	RESPONSE
696.150509	2	77	RESPONSE
696.390458	2	77	RESPONSE
696.554639	2	77	TRIAL_END
696.555183	2	77	CONSEQUENCE
696.555300	2	77	HIT
696.648054	2	78	IET R
696.886502	2	78	IET R
701.564480	2	78	TRIAL_START
703.822471	2	78	RESPONSE
705.570531	2	78	TRIAL_END
705.571209	2	78	MISS
710.589560	2	79	TRIAL_START
714.596634	2	79	TRIAL_END
714.597410	2	79	HIT
719.607784	2	80	TRIAL_START
722.134425	2	80	RESPONSE
723.609221	2	80	TRIAL_END
723.610126	2	80	CONSEQUENCE
723.610298	2	80	HIT
728.618066	2	81	TRIAL_START
730.078460	2	81	RESPONSE
732.628066	2	81	TRIAL_END
732.628604	2	81	MISS
737.659487	2	82	TRIAL_START
738.718445	2	82	RESPONSE
738.982770	2	82	RESPONSE
739.286542	2	82	RESPONSE
739.574437	2	82	RESPONSE
739.862457	2	82	RESPONSE
740.134525	2	82	RESPONSE
740.398453	2	82	RESPONSE
740.678667	2	82	RESPONSE
740.966455	2	82	RESPONSE
741.230515	2	82	RESPONSE
741.470436	2	82	RESPONSE
741.660033	2	82	TRIAL_END
741.660570	2	82	CONSEQUENCE
741.660688	2	82	HIT
741.694466	2	83	IET R
741.926475	2	83	IET R
746.672374	2	83	TRIAL_START
747.734577	2	83	RESPONSE
747.998440	2	83	RESPONSE
748.294455	2	83	RESPONSE
748.558448	2	83	RESPONSE
748.846461	2	83	RESPONSE
749.126437	2	83	RESPONSE
749.374797	2	83	RESPONSE
749.670421	2	83	RESPONSE
749.942560	2	83	RESPONSE
750.182881	2	83	RESPONSE
750.438451	2	83	RESPONSE
750.662512	2	83	RESPONSE
750.672751	2	83	TRIAL_END
750.673308	2	83	CONSEQUENCE
750.673431	2	83	HIT
755.692792	2	84	TRIAL_START
759.698521	2	84	TRIAL_END
759.699153	2	84	HIT
764.712809	2	85	TRIAL_START
768.715189	2	85	TRIAL_END
768.715723	2	85	HIT
773.723533	2	86	TRIAL_START
775.014456	2	86	RESPONSE
775.310621	2	86	RESPONSE
775.574534	2	86	RESPONSE
775.846454	2	86	RESPONSE
776.126467	2	86	RESPONSE
776.390477	2	86	RESPONSE
776.678450	2	86	RESPONSE
776.950684	2	86	RESPONSE
777.214404	2	86	RESPONSE
777.486400	2	86	RESPONSE
777.724303	2	86	TRIAL_END
777.725159	2	86	CONSEQUENCE
777.725331	2	86	HIT
777.766416	2	87	IET R
778.046432	2	87	IET R
782.743296	2	87	TRIAL_START
785.598419	2	87	RESPONSE
786.749278	2	87	TRIAL_END
786.750080	2	87	MISS
791.775444	2	88	TRIAL_START
793.694411	2	88	RESPONSE
795.782511	2	88	TRIAL_END
795.783392	2	88	CONSEQUENCE
795.783605	2	88	HIT
800.796481	2	89	TRIAL_START
802.366533	2	89	RESPONSE
803.014543	2	89	RESPONSE
803.750447	2	89	RESPONSE
804.246406	2	89	RESPONSE
804.518393	2	89	RESPONSE
804.790390	2	89	RESPONSE
804.797542	2	89	TRIAL_END
804.798312	2	89	CONSEQUENCE
804.798512	2	89	HIT
805.054373	2	90	IET R
809.811949	2	90	TRIAL_START
813.812757	2	90	TRIAL_END
813.813336	2	90	HIT
818.822036	2	91	TRIAL_START
821.486465	2	91	RESPONSE
821.974386	2	91	RESPONSE
822.214391	2	91	RESPONSE
822.438399	2	91	RESPONSE
822.678400	2	91	RESPONSE
822.823135	2	91	TRIAL_END
822.824093	2	91	MISS
822.894417	2	92	IET R
823.102454	2	92	IET R
827.840884	2	92	TRIAL_START
830.070400	2	92	RESPONSE
830.590465	2	92	RESPONSE
830.998454	2	92	RESPONSE
831.326472	2	92	RESPONSE
831.630642	2	92	RESPONSE
831.841645	2	92	TRIAL_END
831.842226	2	92	CONSEQUENCE
831.842352	2	92	HIT
831.934369	2	93	IET R
832.182439	2	93	IET R
836.850510	2	93	TRIAL_START
840.863121	2	93	TRIAL_END
840.864036	2	93	HIT
845.879864	2	94	TRIAL_START
849.883249	2	94	TRIAL_END
849.884022	2	94	HIT
854.895722	2	95	TRIAL_START
858.686539	2	95	RESPONSE
858.897765	2	95	TRIAL_END
858.898589	2	95	MISS
863.907391	2	96	TRIAL_START
865.198380	2	96	RESPONSE
865.438386	2	96	RESPONSE
865.662370	2	96	RESPONSE
865.878420	2	96	RESPONSE
866.102398	2	96	RESPONSE
866.390379	2	96	RESPONSE
866.630371	2	96	RESPONSE
866.854362	2	96	RESPONSE
867.118444	2	96	RESPONSE
867.382680	2	96	RESPONSE
867.606377	2	96	RESPONSE
867.838399	2	96	RESPONSE
867.907899	2	96	TRIAL_END
867.908850	2	96	CONSEQUENCE
867.909015	2	96	HIT
868.070372	2	97	IET R
868.270438	2	97	IET R
872.936359	2	97	TRIAL_START
875.462382	2	97	RESPONSE
875.726378	2	97	RESPONSE
875.918395	2	97	RESPONSE
876.102589	2	97	RESPONSE
876.270376	2	97	RESPONSE
876.470392	2	97	RESPONSE
876.638407	2	97	RESPONSE
876.838444	2	97	RESPONSE
876.937077	2	97	TRIAL_END
876.937995	2	97	MISS
877.014449	2	98	IET R
881.963484	2	98	TRIAL_START
885.976468	2	98	TRIAL_END
885.977000	2	98	HIT
890.995432	2	99	TRIAL_START
892.502441	2	99	RESPONSE
892.766372	2	99	RESPONSE
893.014374	2	99	RESPONSE
893.254368	2	99	RESPONSE
893.470449	2	99	RESPONSE
893.742395	2	99	RESPONSE
893.974455	2	99	RESPONSE
894.190400	2	99	RESPONSE
894.430382	2	99	RESPONSE
894.671180	2	99	RESPONSE
894.878449	2	99	RESPONSE
894.996344	2	99	TRIAL_END
894.996864	2	99	CONSEQUENCE
894.996977	2	99	HIT
895.086389	2	100	IET R
895.294548	2	100	IET R
895.470416	2	100	IET R
900.009004	2	100	TRIAL_START
900.910428	2	100	RESPONSE
901.142372	2	100	RESPONSE
901.358367	2	100	RESPONSE
901.558359	2	100	RESPONSE
901.766439	2	100	RESPONSE
901.958586	2	100	RESPONSE
902.166442	2	100	RESPONSE
902.374373	2	100	RESPONSE
902.574432	2	100	RESPONSE
902.782422	2	100	RESPONSE
902.990405	2	100	RESPONSE
903.182373	2	100	RESPONSE
903.366784	2	100	RESPONSE
903.574562	2	100	RESPONSE
903.782381	2	100	RESPONSE
903.990392	2	100	RESPONSE
904.009608	2	100	TRIAL_END
904.010153	2	100	CONSEQUENCE
904.010262	2	100	HIT
904.174444	2	101	IET R
904.366632	2	101	IET R
909.019387	2	101	TRIAL_START
912.406385	2	101	RESPONSE
913.022537	2	101	TRIAL_END
913.023174	2	101	CONSEQUENCE
913.023287	2	101	HIT
913.638618	2	102	IET R
918.044309	2	102	TRIAL_START
922.061049	2	102	TRIAL_END
922.061637	2	102	HIT
927.074737	2	103	TRIAL_START
928.878428	2	103	RESPONSE
929.694377	2	103	RESPONSE
930.054371	2	103	RESPONSE
930.254375	2	103	RESPONSE
930.454583	2	103	RESPONSE
930.630355	2	103	RESPONSE
930.798352	2	103	RESPONSE
931.014371	2	103	RESPONSE
931.075804	2	103	TRIAL_END
931.076653	2	103	CONSEQUENCE
931.076819	2	103	HIT
931.246362	2	104	IET R
931.414377	2	104	IET R
936.096278	2	104	TRIAL_START
940.102540	2	104	TRIAL_END
940.103063	2	104	HIT
945.120317	2	105	TRIAL_START
946.230657	2	105	RESPONSE
947.038400	2	105	RESPONSE
947.334362	2	105	RESPONSE
947.542376	2	105	RESPONSE
947.726371	2	105	RESPONSE
947.902539	2	105	RESPONSE
948.086403	2	105	RESPONSE
948.286404	2	105	RESPONSE
948.478390	2	105	RESPONSE
948.662376	2	105	RESPONSE
948.870380	2	105	RESPONSE
949.102398	2	105	RESPONSE
949.120652	2	105	TRIAL_END
949.121644	2	105	MISS
949.502387	2	106	IET R
954.131166	2	106	TRIAL_START
955.294383	2	106	RESPONSE
955.518433	2	106	RESPONSE
955.742444	2	106	RESPONSE
955.950384	2	106	RESPONSE
956.174384	2	106	RESPONSE
956.390449	2	106	RESPONSE
956.598380	2	106	RESPONSE
956.814372	2	106	RESPONSE
957.046450	2	106	RESPONSE
957.270374	2	106	RESPONSE
957.478449	2	106	RESPONSE
957.670439	2	106	RESPONSE
957.878424	2	106	RESPONSE
958.118396	2	106	RESPONSE
958.131661	2	106	TRIAL_END
958.132267	2	106	CONSEQUENCE
958.132383	2	106	HIT
958.350369	2	107	IET R
963.142707	2	107	TRIAL_START
967.158528	2	107	TRIAL_END
967.159126	2	107	HIT
972.184634	2	108	TRIAL_START
976.184833	2	108	TRIAL_END
976.185350	2	108	MISS
977.254424	2	109	IET R
981.204113	2	109	TRIAL_START
982.950448	2	109	RESPONSE
983.270501	2	109	RESPONSE
983.518376	2	109	RESPONSE
983.742392	2	109	RESPONSE
983.950372	2	109	RESPONSE
984.182418	2	109	RESPONSE
984.414385	2	109	RESPONSE
984.638366	2	109	RESPONSE
984.846365	2	109	RESPONSE
985.046416	2	109	RESPONSE
985.204552	2	109	TRIAL_END
985.205560	2	109	MISS
985.246429	2	110	IET R
985.462399	2	110	IET R
990.221110	2	110	TRIAL_START
991.494368	2	110	RESPONSE
991.766371	2	110	RESPONSE
992.014396	2	110	RESPONSE
992.222505	2	110	RESPONSE
992.414417	2	110	RESPONSE
992.606433	2	110	RESPONSE
992.806451	2	110	RESPONSE
993.030457	2	110	RESPONSE
993.302704	2	110	RESPONSE
993.494460	2	110	RESPONSE
993.686450	2	110	RESPONSE
993.870414	2	110	RESPONSE
994.062371	2	110	RESPONSE
994.221808	2	110	TRIAL_END
994.222353	2	110	MISS
994.246376	2	111	IET R
994.454595	2	111	IET R
999.230433	2	111	TRIAL_START
1000.206407	2	111	RESPONSE
1000.454384	2	111	RESPONSE
1000.710576	2	111	RESPONSE
1000.934383	2	111	RESPONSE
1001.158386	2	111	RESPONSE
1001.406423	2	111	RESPONSE
1001.662393	2	111	RESPONSE
1001.886452	2	111	RESPONSE
1002.110417	2	111	RESPONSE
1002.326364	2	111	RESPONSE
1002.550459	2	111	RESPONSE
1002.750435	2	111	RESPONSE
1002.958555	2	111	RESPONSE
1003.182390	2	111	RESPONSE
1003.230558	2	111	TRIAL_END
1003.231345	2	111	CONSEQUENCE
1003.231518	2	111	HIT
1003.390871	2	112	IET R
1003.598417	2	112	IET R
1008.261212	2	112	TRIAL_START
1012.261750	2	112	TRIAL_END
1012.262688	2	112	HIT
1017.272501	2	113	TRIAL_START
1018.950404	2	113	RESPONSE
1019.214406	2	113	RESPONSE
1019.446363	2	113	RESPONSE
1019.646374	2	113	RESPONSE
1019.854395	2	113	RESPONSE
1020.078396	2	113	RESPONSE
1020.310430	2	113	RESPONSE
1020.526766	2	113	RESPONSE
1020.750431	2	113	RESPONSE
1020.958364	2	113	RESPONSE
1021.190377	2	113	RESPONSE
1021.273887	2	113	TRIAL_END
1021.274446	2	113	CONSEQUENCE
1021.274644	2	113	HIT
1021.390378	2	114	IET R
1021.582354	2	114	IET R
1026.281969	2	114	TRIAL_START
1028.006460	2	114	RESPONSE
1028.246419	2	114	RESPONSE
1028.454375	2	114	RESPONSE
1028.662601	2	114	RESPONSE
1028.870386	2	114	RESPONSE
1029.078464	2	114	RESPONSE
1029.270442	2	114	RESPONSE
1029.470394	2	114	RESPONSE
1029.718792	2	114	RESPONSE
1029.918369	2	114	RESPONSE
1030.110409	2	114	RESPONSE
1030.282950	2	114	TRIAL_END
1030.283459	2	114	CONSEQUENCE
1030.283569	2	114	HIT
1030.302363	2	115	IET R
1030.494526	2	115	IET R
1035.297028	2	115	TRIAL_START
1039.299927	2	115	TRIAL_END
1039.300459	2	115	HIT
1044.310015	2	116	TRIAL_START
1046.902388	2	116	RESPONSE
1048.317541	2	116	TRIAL_END
1048.319295	2	116	MISS
1053.339788	2	117	TRIAL_START
1054.990592	2	117	RESPONSE
1055.606573	2	117	RESPONSE
1056.334418	2	117	RESPONSE
1057.070472	2	117	RESPONSE
1057.340907	2	117	TRIAL_END
1057.341746	2	117	CONSEQUENCE
1057.341911	2	117	HIT
1057.355254	2	118	IET R
1057.534397	2	118	IET R
1062.353526	3	118	TRIAL_START
1072.366517	3	118	TRIAL_END
