time	bloc	trial	event
0.022581	1	1	TRIAL_START
6.026191	1	1	TRIAL_END
7.032620	1	2	TRIAL_START
56.645213	1	2	TRIAL_END
57.698673	1	3	TRIAL_START
77.819906	1	3	RESPONSE
77.821493	1	3	CONSEQUENCE
78.075744	1	3	RESPONSE
78.443786	1	3	RESPONSE
78.723770	1	3	RESPONSE
78.724031	1	3	CONSEQUENCE
79.579756	1	3	RESPONSE
79.580006	1	3	CONSEQUENCE
79.843749	1	3	RESPONSE
80.115746	1	3	RESPONSE
80.379806	1	3	RESPONSE
80.380169	1	3	CONSEQUENCE
80.715824	1	3	RESPONSE
81.020079	1	3	RESPONSE
81.275730	1	3	RESPONSE
81.276003	1	3	CONSEQUENCE
81.603804	1	3	RESPONSE
81.875832	1	3	RESPONSE
82.155760	1	3	RESPONSE
82.156045	1	3	CONSEQUENCE
82.443737	1	3	RESPONSE
82.715862	1	3	RESPONSE
82.987796	1	3	RESPONSE
82.988118	1	3	CONSEQUENCE
83.267871	1	3	RESPONSE
83.547739	1	3	RESPONSE
83.819727	1	3	RESPONSE
83.819980	1	3	CONSEQUENCE
84.123752	1	3	RESPONSE
84.427888	1	3	RESPONSE
84.715743	1	3	RESPONSE
84.716009	1	3	CONSEQUENCE
85.003822	1	3	RESPONSE
85.267877	1	3	RESPONSE
85.563762	1	3	RESPONSE
85.564040	1	3	CONSEQUENCE
85.859729	1	3	RESPONSE
86.139759	1	3	RESPONSE
86.419767	1	3	RESPONSE
86.420130	1	3	CONSEQUENCE
86.723779	1	3	RESPONSE
86.971778	1	3	RESPONSE
87.211908	1	3	RESPONSE
87.451906	1	3	RESPONSE
87.452671	1	3	CONSEQUENCE
87.699786	1	3	RESPONSE
87.699866	1	3	TRIAL_END
87.955978	1	4	IET R
88.195857	1	4	IET R
88.703728	1	4	TRIAL_START
98.719954	1	4	TRIAL_END
99.734524	2	5	TRIAL_START
103.741342	2	5	TRIAL_END
103.742136	2	5	HIT
111.754530	2	6	TRIAL_START
115.756351	2	6	TRIAL_END
115.756907	2	6	HIT
123.779149	2	7	TRIAL_START
124.523783	2	7	RESPONSE
124.771687	2	7	RESPONSE
124.995752	2	7	RESPONSE
125.211707	2	7	RESPONSE
125.435703	2	7	RESPONSE
125.835664	2	7	RESPONSE
126.067701	2	7	RESPONSE
126.315674	2	7	RESPONSE
126.531727	2	7	RESPONSE
126.755731	2	7	RESPONSE
126.971707	2	7	RESPONSE
127.187774	2	7	RESPONSE
127.395668	2	7	RESPONSE
127.619711	2	7	RESPONSE
127.779837	2	7	TRIAL_END
127.780552	2	7	CONSEQUENCE
127.780671	2	7	HIT
127.827669	2	8	IET R
128.059731	2	8	IET R
135.787958	2	8	TRIAL_START
136.635656	2	8	RESPONSE
136.859696	2	8	RESPONSE
137.059783	2	8	RESPONSE
137.267697	2	8	RESPONSE
137.467687	2	8	RESPONSE
137.683641	2	8	RESPONSE
137.907744	2	8	RESPONSE
138.131620	2	8	RESPONSE
138.347634	2	8	RESPONSE
138.579755	2	8	RESPONSE
138.819656	2	8	RESPONSE
139.043654	2	8	RESPONSE
139.267679	2	8	RESPONSE
139.483642	2	8	RESPONSE
139.707767	2	8	RESPONSE
139.788547	2	8	TRIAL_END
139.789475	2	8	MISS
139.915859	2	9	IET R
140.131620	2	9	IET R
147.810083	2	9	TRIAL_START
148.595623	2	9	RESPONSE
148.811633	2	9	RESPONSE
149.011604	2	9	RESPONSE
149.219595	2	9	RESPONSE
149.411609	2	9	RESPONSE
149.619811	2	9	RESPONSE
149.835718	2	9	RESPONSE
150.043679	2	9	RESPONSE
150.243699	2	9	RESPONSE
150.443622	2	9	RESPONSE
150.619692	2	9	RESPONSE
150.811634	2	9	RESPONSE
150.995656	2	9	RESPONSE
151.195692	2	9	RESPONSE
151.379600	2	9	RESPONSE
151.595605	2	9	RESPONSE
151.803624	2	9	RESPONSE
151.810804	2	9	TRIAL_END
151.811709	2	9	MISS
152.027611	2	10	IET R
152.203619	2	10	IET R
159.839648	2	10	TRIAL_START
160.827704	2	10	RESPONSE
161.043572	2	10	RESPONSE
161.259624	2	10	RESPONSE
161.467608	2	10	RESPONSE
161.675587	2	10	RESPONSE
161.883607	2	10	RESPONSE
162.099618	2	10	RESPONSE
162.307671	2	10	RESPONSE
162.523657	2	10	RESPONSE
162.715666	2	10	RESPONSE
162.939599	2	10	RESPONSE
163.139578	2	10	RESPONSE
163.331680	2	10	RESPONSE
163.555605	2	10	RESPONSE
163.763591	2	10	RESPONSE
163.840106	2	10	TRIAL_END
163.840883	2	10	CONSEQUENCE
163.841053	2	10	HIT
163.987568	2	11	IET R
164.203572	2	11	IET R
171.852145	2	11	TRIAL_START
172.603564	2	11	RESPONSE
172.819810	2	11	RESPONSE
172.979623	2	11	RESPONSE
173.155624	2	11	RESPONSE
173.363913	2	11	RESPONSE
173.555553	2	11	RESPONSE
173.747567	2	11	RESPONSE
173.955665	2	11	RESPONSE
174.139741	2	11	RESPONSE
174.323629	2	11	RESPONSE
174.531557	2	11	RESPONSE
174.739586	2	11	RESPONSE
174.939579	2	11	RESPONSE
175.147566	2	11	RESPONSE
175.355559	2	11	RESPONSE
175.579592	2	11	RESPONSE
175.787567	2	11	RESPONSE
175.853016	2	11	TRIAL_END
175.853592	2	11	CONSEQUENCE
175.853712	2	11	HIT
176.019555	2	12	IET R
176.211607	2	12	IET R
183.865957	2	12	TRIAL_START
184.467630	2	12	RESPONSE
184.675670	2	12	RESPONSE
184.867535	2	12	RESPONSE
185.059591	2	12	RESPONSE
185.267540	2	12	RESPONSE
185.459672	2	12	RESPONSE
185.667598	2	12	RESPONSE
185.883560	2	12	RESPONSE
186.099611	2	12	RESPONSE
186.291560	2	12	RESPONSE
186.483524	2	12	RESPONSE
186.683678	2	12	RESPONSE
186.891570	2	12	RESPONSE
187.091605	2	12	RESPONSE
187.275558	2	12	RESPONSE
187.459647	2	12	RESPONSE
187.675560	2	12	RESPONSE
187.867073	2	12	TRIAL_END
187.867762	2	12	CONSEQUENCE
187.867879	2	12	HIT
187.891637	2	13	IET R
188.099550	2	13	IET R
195.876758	2	13	TRIAL_START
196.459534	2	13	RESPONSE
196.659528	2	13	RESPONSE
196.859537	2	13	RESPONSE
197.059527	2	13	RESPONSE
197.275543	2	13	RESPONSE
197.475509	2	13	RESPONSE
197.691703	2	13	RESPONSE
197.899570	2	13	RESPONSE
198.115539	2	13	RESPONSE
198.355629	2	13	RESPONSE
199.885199	2	13	TRIAL_END
199.887939	2	13	CONSEQUENCE
199.888084	2	13	HIT
207.907660	2	14	TRIAL_START
208.635555	2	14	RESPONSE
208.835698	2	14	RESPONSE
209.011574	2	14	RESPONSE
209.211550	2	14	RESPONSE
209.403505	2	14	RESPONSE
209.603527	2	14	RESPONSE
209.819546	2	14	RESPONSE
210.019495	2	14	RESPONSE
210.219516	2	14	RESPONSE
210.443487	2	14	RESPONSE
210.667596	2	14	RESPONSE
210.891493	2	14	RESPONSE
211.123487	2	14	RESPONSE
211.912532	2	14	TRIAL_END
211.913131	2	14	MISS
219.933697	2	15	TRIAL_START
220.675526	2	15	RESPONSE
220.891463	2	15	RESPONSE
221.075579	2	15	RESPONSE
221.275563	2	15	RESPONSE
221.443512	2	15	RESPONSE
221.635553	2	15	RESPONSE
221.827473	2	15	RESPONSE
222.027508	2	15	RESPONSE
222.203483	2	15	RESPONSE
222.395494	2	15	RESPONSE
222.595458	2	15	RESPONSE
222.811511	2	15	RESPONSE
223.051505	2	15	RESPONSE
223.739477	2	15	RESPONSE
223.934912	2	15	TRIAL_END
223.935664	2	15	CONSEQUENCE
223.935840	2	15	HIT
224.003457	2	16	IET R
224.251521	2	16	IET R
224.459460	2	16	IET R
231.948996	2	16	TRIAL_START
232.627531	2	16	RESPONSE
232.819440	2	16	RESPONSE
233.003488	2	16	RESPONSE
233.203494	2	16	RESPONSE
233.387443	2	16	RESPONSE
233.579527	2	16	RESPONSE
233.787511	2	16	RESPONSE
233.987502	2	16	RESPONSE
234.195554	2	16	RESPONSE
234.411463	2	16	RESPONSE
234.619475	2	16	RESPONSE
234.819450	2	16	RESPONSE
235.027458	2	16	RESPONSE
235.227461	2	16	RESPONSE
235.427444	2	16	RESPONSE
235.635441	2	16	RESPONSE
235.859549	2	16	RESPONSE
235.949695	2	16	TRIAL_END
235.950212	2	16	MISS
236.067460	2	17	IET R
236.299517	2	17	IET R
243.971793	2	17	TRIAL_START
245.035565	2	17	RESPONSE
245.235501	2	17	RESPONSE
245.419449	2	17	RESPONSE
245.619434	2	17	RESPONSE
245.827544	2	17	RESPONSE
246.019469	2	17	RESPONSE
246.219469	2	17	RESPONSE
246.435450	2	17	RESPONSE
246.651468	2	17	RESPONSE
246.867544	2	17	RESPONSE
247.099520	2	17	RESPONSE
247.307499	2	17	RESPONSE
247.531525	2	17	RESPONSE
247.763413	2	17	RESPONSE
247.955484	2	17	RESPONSE
247.972717	2	17	TRIAL_END
247.973582	2	17	MISS
248.187487	2	18	IET R
255.982388	2	18	TRIAL_START
256.611368	2	18	RESPONSE
256.787502	2	18	RESPONSE
256.971426	2	18	RESPONSE
257.179394	2	18	RESPONSE
257.363458	2	18	RESPONSE
257.571524	2	18	RESPONSE
257.811474	2	18	RESPONSE
258.035431	2	18	RESPONSE
258.259404	2	18	RESPONSE
258.491486	2	18	RESPONSE
258.707442	2	18	RESPONSE
258.939495	2	18	RESPONSE
259.147393	2	18	RESPONSE
259.419406	2	18	RESPONSE
259.659493	2	18	RESPONSE
259.883457	2	18	RESPONSE
259.982589	2	18	TRIAL_END
259.983118	2	18	MISS
260.107444	2	19	IET R
260.339407	2	19	IET R
267.992494	2	19	TRIAL_START
268.683471	2	19	RESPONSE
268.891498	2	19	RESPONSE
269.083380	2	19	RESPONSE
269.283383	2	19	RESPONSE
269.499485	2	19	RESPONSE
269.707526	2	19	RESPONSE
269.931389	2	19	RESPONSE
270.163459	2	19	RESPONSE
270.395424	2	19	RESPONSE
270.635381	2	19	RESPONSE
270.883373	2	19	RESPONSE
271.139465	2	19	RESPONSE
271.993186	2	19	TRIAL_END
271.994004	2	19	CONSEQUENCE
271.994179	2	19	HIT
280.004072	2	20	TRIAL_START
280.707390	2	20	RESPONSE
280.907383	2	20	RESPONSE
281.091394	2	20	RESPONSE
281.275368	2	20	RESPONSE
281.475356	2	20	RESPONSE
281.691375	2	20	RESPONSE
281.899467	2	20	RESPONSE
282.131353	2	20	RESPONSE
282.355357	2	20	RESPONSE
282.595434	2	20	RESPONSE
282.851542	2	20	RESPONSE
283.075345	2	20	RESPONSE
283.283362	2	20	RESPONSE
283.499416	2	20	RESPONSE
283.707399	2	20	RESPONSE
283.899370	2	20	RESPONSE
284.004373	2	20	TRIAL_END
284.005166	2	20	MISS
284.107477	2	21	IET R
284.323417	2	21	IET R
292.017925	2	21	TRIAL_START
292.643374	2	21	RESPONSE
292.843408	2	21	RESPONSE
293.027380	2	21	RESPONSE
293.219404	2	21	RESPONSE
293.419465	2	21	RESPONSE
293.611347	2	21	RESPONSE
293.811364	2	21	RESPONSE
294.003389	2	21	RESPONSE
294.203381	2	21	RESPONSE
294.395354	2	21	RESPONSE
294.587363	2	21	RESPONSE
294.779417	2	21	RESPONSE
294.987438	2	21	RESPONSE
295.179357	2	21	RESPONSE
295.379353	2	21	RESPONSE
295.587340	2	21	RESPONSE
295.803412	2	21	RESPONSE
295.995333	2	21	RESPONSE
296.018556	2	21	TRIAL_END
296.019084	2	21	CONSEQUENCE
296.019203	2	21	HIT
296.187494	2	22	IET R
296.395335	2	22	IET R
304.042471	2	22	TRIAL_START
304.643384	2	22	RESPONSE
304.843360	2	22	RESPONSE
305.011459	2	22	RESPONSE
305.195310	2	22	RESPONSE
305.363305	2	22	RESPONSE
305.547375	2	22	RESPONSE
305.739326	2	22	RESPONSE
305.947353	2	22	RESPONSE
306.163364	2	22	RESPONSE
306.379349	2	22	RESPONSE
306.579357	2	22	RESPONSE
306.803317	2	22	RESPONSE
307.027317	2	22	RESPONSE
307.235292	2	22	RESPONSE
307.451454	2	22	RESPONSE
307.683449	2	22	RESPONSE
307.923348	2	22	RESPONSE
308.042935	2	22	TRIAL_END
308.043774	2	22	CONSEQUENCE
308.043969	2	22	HIT
308.187321	2	23	IET R
308.435311	2	23	IET R
316.052378	2	23	TRIAL_START
316.747429	2	23	RESPONSE
316.963293	2	23	RESPONSE
317.179578	2	23	RESPONSE
317.395321	2	23	RESPONSE
317.595323	2	23	RESPONSE
317.779437	2	23	RESPONSE
318.051291	2	23	RESPONSE
318.299325	2	23	RESPONSE
318.580119	2	23	RESPONSE
318.795312	2	23	RESPONSE
319.019628	2	23	RESPONSE
319.243311	2	23	RESPONSE
319.451356	2	23	RESPONSE
319.675349	2	23	RESPONSE
319.891284	2	23	RESPONSE
320.053701	2	23	TRIAL_END
320.054218	2	23	MISS
320.107349	2	24	IET R
320.323274	2	24	IET R
328.070307	2	24	TRIAL_START
328.787280	2	24	RESPONSE
329.019300	2	24	RESPONSE
329.203285	2	24	RESPONSE
329.435276	2	24	RESPONSE
329.643429	2	24	RESPONSE
329.867260	2	24	RESPONSE
330.099302	2	24	RESPONSE
330.323463	2	24	RESPONSE
330.531296	2	24	RESPONSE
330.739421	2	24	RESPONSE
330.955283	2	24	RESPONSE
331.179479	2	24	RESPONSE
331.411363	2	24	RESPONSE
331.627356	2	24	RESPONSE
331.851270	2	24	RESPONSE
332.071825	2	24	TRIAL_END
332.072730	2	24	CONSEQUENCE
332.072920	2	24	HIT
332.086531	2	25	IET R
332.315295	2	25	IET R
332.531273	2	25	IET R
340.100574	2	25	TRIAL_START
340.323341	2	25	RESPONSE
340.555232	2	25	RESPONSE
340.723283	2	25	RESPONSE
340.939544	2	25	RESPONSE
341.147274	2	25	RESPONSE
341.347305	2	25	RESPONSE
341.571268	2	25	RESPONSE
341.819279	2	25	RESPONSE
342.035512	2	25	RESPONSE
342.259310	2	25	RESPONSE
342.467359	2	25	RESPONSE
342.675496	2	25	RESPONSE
342.891225	2	25	RESPONSE
343.107531	2	25	RESPONSE
343.323347	2	25	RESPONSE
343.531237	2	25	RESPONSE
343.739383	2	25	RESPONSE
343.955333	2	25	RESPONSE
344.101196	2	25	TRIAL_END
344.101727	2	25	CONSEQUENCE
344.101851	2	25	HIT
344.171265	2	26	IET R
344.387224	2	26	IET R
344.603422	2	26	IET R
352.114485	2	26	TRIAL_START
353.027207	2	26	RESPONSE
353.243279	2	26	RESPONSE
353.459266	2	26	RESPONSE
353.667237	2	26	RESPONSE
353.883328	2	26	RESPONSE
354.107233	2	26	RESPONSE
354.507228	2	26	RESPONSE
354.747230	2	26	RESPONSE
354.979235	2	26	RESPONSE
355.203364	2	26	RESPONSE
355.435329	2	26	RESPONSE
355.667338	2	26	RESPONSE
355.899337	2	26	RESPONSE
356.115832	2	26	TRIAL_END
356.116379	2	26	MISS
356.147216	2	27	IET R
356.395300	2	27	IET R
356.651269	2	27	IET R
364.139336	2	27	TRIAL_START
364.795331	2	27	RESPONSE
365.011227	2	27	RESPONSE
365.219368	2	27	RESPONSE
365.427233	2	27	RESPONSE
365.627239	2	27	RESPONSE
365.819206	2	27	RESPONSE
366.043216	2	27	RESPONSE
366.259265	2	27	RESPONSE
366.467210	2	27	RESPONSE
366.675199	2	27	RESPONSE
366.883201	2	27	RESPONSE
367.099274	2	27	RESPONSE
367.299238	2	27	RESPONSE
367.483231	2	27	RESPONSE
367.683637	2	27	RESPONSE
367.907247	2	27	RESPONSE
368.140856	2	27	TRIAL_END
368.141661	2	27	CONSEQUENCE
368.141836	2	27	HIT
368.153380	2	28	IET R
368.379191	2	28	IET R
376.150599	2	28	TRIAL_START
376.707191	2	28	RESPONSE
376.907206	2	28	RESPONSE
377.075194	2	28	RESPONSE
377.275177	2	28	RESPONSE
377.467321	2	28	RESPONSE
377.659187	2	28	RESPONSE
377.851174	2	28	RESPONSE
378.051282	2	28	RESPONSE
378.251235	2	28	RESPONSE
378.443177	2	28	RESPONSE
378.627318	2	28	RESPONSE
378.843178	2	28	RESPONSE
379.059222	2	28	RESPONSE
379.291216	2	28	RESPONSE
379.539266	2	28	RESPONSE
379.787159	2	28	RESPONSE
380.027176	2	28	RESPONSE
380.151465	2	28	TRIAL_END
380.152009	2	28	CONSEQUENCE
380.152123	2	28	HIT
380.275176	2	29	IET R
380.531380	2	29	IET R
388.166859	2	29	TRIAL_START
388.739137	2	29	RESPONSE
388.947168	2	29	RESPONSE
389.139165	2	29	RESPONSE
389.331206	2	29	RESPONSE
389.539192	2	29	RESPONSE
389.755382	2	29	RESPONSE
389.987173	2	29	RESPONSE
390.227215	2	29	RESPONSE
390.451234	2	29	RESPONSE
390.691215	2	29	RESPONSE
390.915158	2	29	RESPONSE
391.163219	2	29	RESPONSE
391.555199	2	29	RESPONSE
391.787196	2	29	RESPONSE
391.987164	2	29	RESPONSE
392.167727	2	29	TRIAL_END
392.168303	2	29	CONSEQUENCE
392.168433	2	29	HIT
392.219162	2	30	IET R
392.443172	2	30	IET R
400.181534	2	30	TRIAL_START
401.179140	2	30	RESPONSE
401.387136	2	30	RESPONSE
401.595212	2	30	RESPONSE
401.803203	2	30	RESPONSE
401.995131	2	30	RESPONSE
402.203181	2	30	RESPONSE
402.411166	2	30	RESPONSE
402.627129	2	30	RESPONSE
402.851254	2	30	RESPONSE
403.067270	2	30	RESPONSE
403.291196	2	30	RESPONSE
403.531157	2	30	RESPONSE
403.787142	2	30	RESPONSE
404.184303	2	30	TRIAL_END
404.185200	2	30	MISS
404.395128	2	31	IET R
404.619179	2	31	IET R
412.199594	2	31	TRIAL_START
413.267116	2	31	RESPONSE
413.483132	2	31	RESPONSE
413.667180	2	31	RESPONSE
413.867169	2	31	RESPONSE
414.051133	2	31	RESPONSE
414.251276	2	31	RESPONSE
414.459155	2	31	RESPONSE
414.675108	2	31	RESPONSE
414.867105	2	31	RESPONSE
415.075085	2	31	RESPONSE
415.283185	2	31	RESPONSE
415.483155	2	31	RESPONSE
415.683128	2	31	RESPONSE
415.891156	2	31	RESPONSE
416.083148	2	31	RESPONSE
416.199978	2	31	TRIAL_END
416.200465	2	31	MISS
416.363463	2	32	IET R
416.595105	2	32	IET R
416.819379	2	32	IET R
417.035116	2	32	IET R
424.371503	2	32	TRIAL_START
425.491119	2	32	RESPONSE
425.699157	2	32	RESPONSE
425.867432	2	32	RESPONSE
426.059110	2	32	RESPONSE
426.267785	2	32	RESPONSE
426.459112	2	32	RESPONSE
426.635279	2	32	RESPONSE
426.843235	2	32	RESPONSE
427.035128	2	32	RESPONSE
427.243104	2	32	RESPONSE
427.451072	2	32	RESPONSE
427.667122	2	32	RESPONSE
427.883238	2	32	RESPONSE
428.099159	2	32	RESPONSE
428.299137	2	32	RESPONSE
428.372630	2	32	TRIAL_END
428.373655	2	32	CONSEQUENCE
428.373827	2	32	HIT
428.515161	2	33	IET R
428.731075	2	33	IET R
436.384607	2	33	TRIAL_START
437.235110	2	33	RESPONSE
437.443093	2	33	RESPONSE
437.635057	2	33	RESPONSE
437.811056	2	33	RESPONSE
437.995114	2	33	RESPONSE
438.179069	2	33	RESPONSE
438.379055	2	33	RESPONSE
438.571111	2	33	RESPONSE
438.779088	2	33	RESPONSE
438.971082	2	33	RESPONSE
439.227063	2	33	RESPONSE
439.451159	2	33	RESPONSE
439.667081	2	33	RESPONSE
439.883131	2	33	RESPONSE
440.115075	2	33	RESPONSE
440.355068	2	33	RESPONSE
440.385338	2	33	TRIAL_END
440.385868	2	33	MISS
440.555052	2	34	IET R
440.763061	2	34	IET R
448.405275	2	34	TRIAL_START
449.011160	2	34	RESPONSE
449.211126	2	34	RESPONSE
449.403201	2	34	RESPONSE
449.579209	2	34	RESPONSE
449.763083	2	34	RESPONSE
449.963109	2	34	RESPONSE
450.171161	2	34	RESPONSE
450.363082	2	34	RESPONSE
450.587138	2	34	RESPONSE
450.811373	2	34	RESPONSE
451.043138	2	34	RESPONSE
451.275114	2	34	RESPONSE
451.515086	2	34	RESPONSE
451.739216	2	34	RESPONSE
451.979038	2	34	RESPONSE
452.203107	2	34	RESPONSE
452.406267	2	34	TRIAL_END
452.407042	2	34	CONSEQUENCE
452.407216	2	34	HIT
452.427047	2	35	IET R
452.659034	2	35	IET R
452.875271	2	35	IET R
453.107035	2	35	IET R
460.415026	2	35	TRIAL_START
460.931135	2	35	RESPONSE
461.139142	2	35	RESPONSE
461.459007	2	35	RESPONSE
461.675249	2	35	RESPONSE
461.867057	2	35	RESPONSE
462.067028	2	35	RESPONSE
462.283008	2	35	RESPONSE
462.499107	2	35	RESPONSE
462.731153	2	35	RESPONSE
462.979116	2	35	RESPONSE
463.251031	2	35	RESPONSE
463.499035	2	35	RESPONSE
463.747006	2	35	RESPONSE
463.987135	2	35	RESPONSE
464.211094	2	35	RESPONSE
464.416340	2	35	TRIAL_END
464.416901	2	35	MISS
464.467356	2	36	IET R
464.731013	2	36	IET R
472.430604	2	36	TRIAL_START
473.035019	2	36	RESPONSE
473.250994	2	36	RESPONSE
473.427039	2	36	RESPONSE
473.635109	2	36	RESPONSE
473.851054	2	36	RESPONSE
474.051038	2	36	RESPONSE
474.242986	2	36	RESPONSE
474.475061	2	36	RESPONSE
474.699065	2	36	RESPONSE
474.931066	2	36	RESPONSE
475.131119	2	36	RESPONSE
475.354988	2	36	RESPONSE
475.554995	2	36	RESPONSE
475.770992	2	36	RESPONSE
475.978995	2	36	RESPONSE
476.170998	2	36	RESPONSE
476.378997	2	36	RESPONSE
476.431370	2	36	TRIAL_END
476.431923	2	36	MISS
476.571005	2	37	IET R
476.778978	2	37	IET R
484.456464	2	37	TRIAL_START
485.059073	2	37	RESPONSE
485.283010	2	37	RESPONSE
485.459012	2	37	RESPONSE
485.650976	2	37	RESPONSE
485.859081	2	37	RESPONSE
486.083042	2	37	RESPONSE
486.298990	2	37	RESPONSE
486.514994	2	37	RESPONSE
486.723114	2	37	RESPONSE
486.923000	2	37	RESPONSE
487.082988	2	37	RESPONSE
487.291081	2	37	RESPONSE
487.483126	2	37	RESPONSE
487.690997	2	37	RESPONSE
487.851166	2	37	RESPONSE
488.114968	2	37	RESPONSE
488.346974	2	37	RESPONSE
488.457208	2	37	TRIAL_END
488.460257	2	37	CONSEQUENCE
488.460518	2	37	HIT
488.578954	2	38	IET R
488.778945	2	38	IET R
496.470665	2	38	TRIAL_START
497.395015	2	38	RESPONSE
497.594965	2	38	RESPONSE
497.778978	2	38	RESPONSE
497.994956	2	38	RESPONSE
498.203039	2	38	RESPONSE
498.403139	2	38	RESPONSE
498.619014	2	38	RESPONSE
498.827013	2	38	RESPONSE
499.051000	2	38	RESPONSE
499.275207	2	38	RESPONSE
499.507032	2	38	RESPONSE
499.738985	2	38	RESPONSE
499.970940	2	38	RESPONSE
500.202933	2	38	RESPONSE
500.434971	2	38	RESPONSE
500.471306	2	38	TRIAL_END
500.472084	2	38	CONSEQUENCE
500.472271	2	38	HIT
500.642973	2	39	IET R
500.874931	2	39	IET R
508.491065	2	39	TRIAL_START
509.106936	2	39	RESPONSE
509.299125	2	39	RESPONSE
509.474924	2	39	RESPONSE
509.651076	2	39	RESPONSE
509.835063	2	39	RESPONSE
510.026916	2	39	RESPONSE
510.234918	2	39	RESPONSE
510.442927	2	39	RESPONSE
510.667032	2	39	RESPONSE
510.890983	2	39	RESPONSE
511.138924	2	39	RESPONSE
511.362965	2	39	RESPONSE
511.619080	2	39	RESPONSE
511.866948	2	39	RESPONSE
512.147285	2	39	RESPONSE
512.426980	2	39	RESPONSE
512.491468	2	39	TRIAL_END
512.492311	2	39	MISS
512.666924	2	40	IET R
512.906913	2	40	IET R
520.519064	2	40	TRIAL_START
521.258977	2	40	RESPONSE
521.483014	2	40	RESPONSE
521.682949	2	40	RESPONSE
521.898955	2	40	RESPONSE
522.098912	2	40	RESPONSE
522.306973	2	40	RESPONSE
522.514966	2	40	RESPONSE
522.738902	2	40	RESPONSE
522.955670	2	40	RESPONSE
523.170889	2	40	RESPONSE
523.675006	2	40	RESPONSE
523.970959	2	40	RESPONSE
524.227103	2	40	RESPONSE
524.458915	2	40	RESPONSE
524.520356	2	40	TRIAL_END
524.521327	2	40	MISS
524.690925	2	41	IET R
524.906898	2	41	IET R
532.534119	2	41	TRIAL_START
534.018901	2	41	RESPONSE
534.250966	2	41	RESPONSE
534.435005	2	41	RESPONSE
534.642930	2	41	RESPONSE
534.858926	2	41	RESPONSE
535.091093	2	41	RESPONSE
535.314887	2	41	RESPONSE
535.554868	2	41	RESPONSE
535.746883	2	41	RESPONSE
535.978875	2	41	RESPONSE
536.194847	2	41	RESPONSE
536.411050	2	41	RESPONSE
536.534795	2	41	TRIAL_END
536.535640	2	41	MISS
536.642924	2	42	IET R
536.874901	2	42	IET R
544.559415	2	42	TRIAL_START
545.378872	2	42	RESPONSE
545.618914	2	42	RESPONSE
545.850916	2	42	RESPONSE
546.034961	2	42	RESPONSE
546.242839	2	42	RESPONSE
546.450868	2	42	RESPONSE
546.666900	2	42	RESPONSE
546.882910	2	42	RESPONSE
547.098871	2	42	RESPONSE
547.330843	2	42	RESPONSE
547.570879	2	42	RESPONSE
547.826949	2	42	RESPONSE
548.058862	2	42	RESPONSE
548.290902	2	42	RESPONSE
548.538922	2	42	RESPONSE
548.560207	2	42	TRIAL_END
548.560731	2	42	CONSEQUENCE
548.560847	2	42	HIT
548.786908	2	43	IET R
556.570682	2	43	TRIAL_START
557.402920	2	43	RESPONSE
557.587563	2	43	RESPONSE
557.802841	2	43	RESPONSE
558.034849	2	43	RESPONSE
558.250838	2	43	RESPONSE
558.458827	2	43	RESPONSE
558.698857	2	43	RESPONSE
558.898840	2	43	RESPONSE
559.138964	2	43	RESPONSE
559.378840	2	43	RESPONSE
559.586927	2	43	RESPONSE
559.818828	2	43	RESPONSE
560.042831	2	43	RESPONSE
560.250841	2	43	RESPONSE
560.474875	2	43	RESPONSE
560.571524	2	43	TRIAL_END
560.572138	2	43	MISS
560.746905	2	44	IET R
560.955204	2	44	IET R
561.266875	2	44	IET R
568.591388	2	44	TRIAL_START
569.210908	2	44	RESPONSE
569.394840	2	44	RESPONSE
569.594836	2	44	RESPONSE
569.770806	2	44	RESPONSE
569.962852	2	44	RESPONSE
570.154889	2	44	RESPONSE
570.346800	2	44	RESPONSE
570.546820	2	44	RESPONSE
570.738901	2	44	RESPONSE
570.970888	2	44	RESPONSE
571.178852	2	44	RESPONSE
571.386897	2	44	RESPONSE
571.586900	2	44	RESPONSE
571.842820	2	44	RESPONSE
572.082920	2	44	RESPONSE
572.306827	2	44	RESPONSE
572.522837	2	44	RESPONSE
572.592321	2	44	TRIAL_END
572.593246	2	44	MISS
572.746838	2	45	IET R
572.962818	2	45	IET R
580.613100	2	45	TRIAL_START
581.218875	2	45	RESPONSE
581.402978	2	45	RESPONSE
581.602780	2	45	RESPONSE
581.810880	2	45	RESPONSE
582.026840	2	45	RESPONSE
582.202802	2	45	RESPONSE
582.410799	2	45	RESPONSE
582.642778	2	45	RESPONSE
582.858824	2	45	RESPONSE
583.082792	2	45	RESPONSE
583.298887	2	45	RESPONSE
583.514837	2	45	RESPONSE
583.754805	2	45	RESPONSE
584.002773	2	45	RESPONSE
584.250800	2	45	RESPONSE
584.482771	2	45	RESPONSE
584.613707	2	45	TRIAL_END
584.614539	2	45	CONSEQUENCE
584.614720	2	45	HIT
584.714850	2	46	IET R
584.946884	2	46	IET R
592.646978	2	46	TRIAL_START
593.538813	2	46	RESPONSE
593.746820	2	46	RESPONSE
593.954869	2	46	RESPONSE
594.162855	2	46	RESPONSE
594.378773	2	46	RESPONSE
594.578786	2	46	RESPONSE
594.834821	2	46	RESPONSE
595.066832	2	46	RESPONSE
595.306817	2	46	RESPONSE
595.538779	2	46	RESPONSE
595.786809	2	46	RESPONSE
596.018858	2	46	RESPONSE
596.234824	2	46	RESPONSE
596.474750	2	46	RESPONSE
596.648381	2	46	TRIAL_END
596.648901	2	46	MISS
596.698804	2	47	IET R
596.930772	2	47	IET R
604.664068	2	47	TRIAL_START
605.730748	2	47	RESPONSE
605.946835	2	47	RESPONSE
606.162738	2	47	RESPONSE
606.354824	2	47	RESPONSE
606.570749	2	47	RESPONSE
606.770754	2	47	RESPONSE
606.986927	2	47	RESPONSE
607.218858	2	47	RESPONSE
607.442935	2	47	RESPONSE
607.674783	2	47	RESPONSE
607.914791	2	47	RESPONSE
608.146807	2	47	RESPONSE
608.354853	2	47	RESPONSE
608.586752	2	47	RESPONSE
608.665166	2	47	TRIAL_END
608.665941	2	47	CONSEQUENCE
608.666115	2	47	HIT
608.842892	2	48	IET R
609.066889	2	48	IET R
616.677210	2	48	TRIAL_START
617.602884	2	48	RESPONSE
617.818722	2	48	RESPONSE
618.034721	2	48	RESPONSE
618.226731	2	48	RESPONSE
618.434709	2	48	RESPONSE
618.634728	2	48	RESPONSE
618.850876	2	48	RESPONSE
619.050791	2	48	RESPONSE
619.258709	2	48	RESPONSE
619.466788	2	48	RESPONSE
619.682743	2	48	RESPONSE
619.898741	2	48	RESPONSE
620.138765	2	48	RESPONSE
620.354769	2	48	RESPONSE
620.570810	2	48	RESPONSE
620.677741	2	48	TRIAL_END
620.678740	2	48	MISS
620.762785	2	49	IET R
620.970796	2	49	IET R
628.698156	2	49	TRIAL_START
629.578715	2	49	RESPONSE
629.802744	2	49	RESPONSE
630.010968	2	49	RESPONSE
630.210758	2	49	RESPONSE
630.410756	2	49	RESPONSE
630.618805	2	49	RESPONSE
630.826808	2	49	RESPONSE
631.058752	2	49	RESPONSE
631.266767	2	49	RESPONSE
631.458707	2	49	RESPONSE
631.674840	2	49	RESPONSE
631.882692	2	49	RESPONSE
632.106705	2	49	RESPONSE
632.338692	2	49	RESPONSE
632.538732	2	49	RESPONSE
632.698726	2	49	TRIAL_END
632.699266	2	49	MISS
632.810748	2	50	IET R
633.042709	2	50	IET R
640.730652	2	50	TRIAL_START
641.458759	2	50	RESPONSE
641.666868	2	50	RESPONSE
641.866909	2	50	RESPONSE
642.074866	2	50	RESPONSE
642.274966	2	50	RESPONSE
642.490670	2	50	RESPONSE
642.714764	2	50	RESPONSE
642.938698	2	50	RESPONSE
643.154714	2	50	RESPONSE
643.394720	2	50	RESPONSE
643.610701	2	50	RESPONSE
643.826678	2	50	RESPONSE
644.058671	2	50	RESPONSE
644.274877	2	50	RESPONSE
644.490678	2	50	RESPONSE
644.722921	2	50	RESPONSE
644.731126	2	50	TRIAL_END
644.731899	2	50	CONSEQUENCE
644.732083	2	50	HIT
644.930758	2	51	IET R
652.747223	2	51	TRIAL_START
653.314707	2	51	RESPONSE
653.530696	2	51	RESPONSE
653.706657	2	51	RESPONSE
653.874652	2	51	RESPONSE
654.066906	2	51	RESPONSE
654.266767	2	51	RESPONSE
654.450643	2	51	RESPONSE
654.666748	2	51	RESPONSE
654.890658	2	51	RESPONSE
655.114778	2	51	RESPONSE
655.370668	2	51	RESPONSE
655.626748	2	51	RESPONSE
655.850660	2	51	RESPONSE
656.082642	2	51	RESPONSE
656.322666	2	51	RESPONSE
656.562646	2	51	RESPONSE
656.747984	2	51	TRIAL_END
656.748782	2	51	MISS
656.810659	2	52	IET R
657.090707	2	52	IET R
664.759409	2	52	TRIAL_START
665.442625	2	52	RESPONSE
665.642643	2	52	RESPONSE
666.042670	2	52	RESPONSE
666.258648	2	52	RESPONSE
666.498660	2	52	RESPONSE
666.730668	2	52	RESPONSE
666.970672	2	52	RESPONSE
667.186723	2	52	RESPONSE
667.418699	2	52	RESPONSE
667.642730	2	52	RESPONSE
667.946652	2	52	RESPONSE
668.202686	2	52	RESPONSE
668.450645	2	52	RESPONSE
668.698662	2	52	RESPONSE
668.759848	2	52	TRIAL_END
668.760498	2	52	CONSEQUENCE
668.760620	2	52	HIT
668.946641	2	53	IET R
669.170639	2	53	IET R
676.771064	2	53	TRIAL_START
677.402628	2	53	RESPONSE
677.626771	2	53	RESPONSE
677.842661	2	53	RESPONSE
678.082634	2	53	RESPONSE
678.298673	2	53	RESPONSE
678.554605	2	53	RESPONSE
678.762632	2	53	RESPONSE
679.042676	2	53	RESPONSE
679.282649	2	53	RESPONSE
679.522667	2	53	RESPONSE
679.730691	2	53	RESPONSE
679.938614	2	53	RESPONSE
680.170693	2	53	RESPONSE
680.402745	2	53	RESPONSE
680.634594	2	53	RESPONSE
680.771611	2	53	TRIAL_END
680.772122	2	53	CONSEQUENCE
680.772235	2	53	HIT
680.866611	2	54	IET R
681.082659	2	54	IET R
688.793541	2	54	TRIAL_START
689.514619	2	54	RESPONSE
689.794587	2	54	RESPONSE
690.002637	2	54	RESPONSE
690.218595	2	54	RESPONSE
690.418596	2	54	RESPONSE
690.626625	2	54	RESPONSE
690.842656	2	54	RESPONSE
691.042625	2	54	RESPONSE
691.258607	2	54	RESPONSE
691.474579	2	54	RESPONSE
691.666600	2	54	RESPONSE
691.898598	2	54	RESPONSE
692.130680	2	54	RESPONSE
692.346580	2	54	RESPONSE
692.570640	2	54	RESPONSE
692.795029	2	54	TRIAL_END
692.795569	2	54	CONSEQUENCE
692.795691	2	54	HIT
692.834582	2	55	IET R
693.106580	2	55	IET R
700.827198	2	55	TRIAL_START
702.586739	2	55	RESPONSE
702.802697	2	55	RESPONSE
702.970739	2	55	RESPONSE
703.162584	2	55	RESPONSE
703.338654	2	55	RESPONSE
703.538582	2	55	RESPONSE
703.722630	2	55	RESPONSE
703.898586	2	55	RESPONSE
704.090626	2	55	RESPONSE
704.298617	2	55	RESPONSE
704.498617	2	55	RESPONSE
704.706635	2	55	RESPONSE
704.827673	2	55	TRIAL_END
704.828222	2	55	CONSEQUENCE
704.828343	2	55	HIT
704.882568	2	56	IET R
705.074630	2	56	IET R
712.843297	2	56	TRIAL_START
713.394587	2	56	RESPONSE
713.602578	2	56	RESPONSE
713.778606	2	56	RESPONSE
713.938535	2	56	RESPONSE
714.106647	2	56	RESPONSE
714.266550	2	56	RESPONSE
714.474546	2	56	RESPONSE
714.666610	2	56	RESPONSE
714.842539	2	56	RESPONSE
715.042537	2	56	RESPONSE
715.234793	2	56	RESPONSE
715.434692	2	56	RESPONSE
715.610653	2	56	RESPONSE
715.818593	2	56	RESPONSE
716.018775	2	56	RESPONSE
716.210684	2	56	RESPONSE
716.402535	2	56	RESPONSE
716.594647	2	56	RESPONSE
716.794538	2	56	RESPONSE
716.843930	2	56	TRIAL_END
716.844734	2	56	MISS
717.034617	2	57	IET R
724.870852	2	57	TRIAL_START
725.586520	2	57	RESPONSE
725.786502	2	57	RESPONSE
725.978719	2	57	RESPONSE
726.170530	2	57	RESPONSE
726.354614	2	57	RESPONSE
726.538536	2	57	RESPONSE
726.722662	2	57	RESPONSE
726.938510	2	57	RESPONSE
727.162615	2	57	RESPONSE
727.394548	2	57	RESPONSE
727.626540	2	57	RESPONSE
727.834533	2	57	RESPONSE
728.074517	2	57	RESPONSE
728.306517	2	57	RESPONSE
728.522604	2	57	RESPONSE
728.770632	2	57	RESPONSE
728.871677	2	57	TRIAL_END
728.872572	2	57	MISS
728.986525	2	58	IET R
736.883454	2	58	TRIAL_START
737.578629	2	58	RESPONSE
737.794545	2	58	RESPONSE
738.002552	2	58	RESPONSE
738.210579	2	58	RESPONSE
738.418560	2	58	RESPONSE
738.642649	2	58	RESPONSE
738.866536	2	58	RESPONSE
739.090586	2	58	RESPONSE
739.290514	2	58	RESPONSE
739.490522	2	58	RESPONSE
739.674570	2	58	RESPONSE
739.930488	2	58	RESPONSE
740.098500	2	58	RESPONSE
740.346609	2	58	RESPONSE
740.554577	2	58	RESPONSE
740.858610	2	58	RESPONSE
740.883906	2	58	TRIAL_END
740.884709	2	58	CONSEQUENCE
740.884885	2	58	HIT
741.106689	2	59	IET R
741.314499	2	59	IET R
748.899535	3	59	TRIAL_START
758.910700	3	59	TRIAL_END
