time	bloc	trial	event
-0.005577	1	1	TRIAL_START
5.997050	1	1	TRIAL_END
7.003628	1	2	TRIAL_START
24.067100	1	2	TRIAL_END
25.089284	1	3	TRIAL_START
28.631364	1	3	RESPONSE
28.632901	1	3	CONSEQUENCE
28.839329	1	3	RESPONSE
29.055308	1	3	RESPONSE
29.191322	1	3	RESPONSE
29.399318	1	3	RESPONSE
29.559321	1	3	RESPONSE
29.559580	1	3	CONSEQUENCE
35.927318	1	3	RESPONSE
35.927576	1	3	CONSEQUENCE
36.143431	1	3	RESPONSE
36.351390	1	3	RESPONSE
36.559319	1	3	RESPONSE
36.767317	1	3	RESPONSE
36.767580	1	3	CONSEQUENCE
36.975347	1	3	RESPONSE
37.183287	1	3	RESPONSE
37.391295	1	3	RESPONSE
37.607418	1	3	RESPONSE
37.607797	1	3	CONSEQUENCE
37.839841	1	3	RESPONSE
41.887393	1	3	RESPONSE
41.887653	1	3	CONSEQUENCE
42.095349	1	3	RESPONSE
42.271320	1	3	RESPONSE
42.479336	1	3	RESPONSE
42.671406	1	3	RESPONSE
42.879406	1	3	RESPONSE
42.879777	1	3	CONSEQUENCE
43.079353	1	3	RESPONSE
43.279388	1	3	RESPONSE
43.479329	1	3	RESPONSE
43.695337	1	3	RESPONSE
43.695597	1	3	CONSEQUENCE
43.895351	1	3	RESPONSE
44.087428	1	3	RESPONSE
44.279325	1	3	RESPONSE
44.471389	1	3	RESPONSE
44.647411	1	3	RESPONSE
44.647650	1	3	CONSEQUENCE
44.823320	1	3	RESPONSE
45.007323	1	3	RESPONSE
45.191324	1	3	RESPONSE
45.383481	1	3	RESPONSE
45.575324	1	3	RESPONSE
45.575575	1	3	CONSEQUENCE
45.775378	1	3	RESPONSE
45.967410	1	3	RESPONSE
46.151409	1	3	RESPONSE
46.351344	1	3	RESPONSE
46.535329	1	3	RESPONSE
46.535596	1	3	CONSEQUENCE
46.727321	1	3	RESPONSE
46.935333	1	3	RESPONSE
47.135345	1	3	RESPONSE
47.327383	1	3	RESPONSE
47.527492	1	3	RESPONSE
47.528071	1	3	CONSEQUENCE
47.727358	1	3	RESPONSE
47.911381	1	3	RESPONSE
48.119359	1	3	RESPONSE
50.743350	1	3	RESPONSE
50.743598	1	3	CONSEQUENCE
50.951400	1	3	RESPONSE
51.159352	1	3	RESPONSE
51.375465	1	3	RESPONSE
51.575367	1	3	RESPONSE
51.575631	1	3	CONSEQUENCE
51.799344	1	3	RESPONSE
51.991335	1	3	RESPONSE
52.199349	1	3	RESPONSE
52.415468	1	3	RESPONSE
52.415755	1	3	CONSEQUENCE
52.623379	1	3	RESPONSE
52.839333	1	3	RESPONSE
53.039345	1	3	RESPONSE
53.263374	1	3	RESPONSE
53.263748	1	3	CONSEQUENCE
53.471413	1	3	RESPONSE
53.671335	1	3	RESPONSE
53.895410	1	3	RESPONSE
54.111383	1	3	RESPONSE
54.111664	1	3	CONSEQUENCE
54.327441	1	3	RESPONSE
54.511381	1	3	RESPONSE
54.727426	1	3	RESPONSE
54.927367	1	3	RESPONSE
54.927639	1	3	CONSEQUENCE
55.090434	1	3	TRIAL_END
55.135360	1	4	IET R
55.343359	1	4	IET R
56.095585	1	4	TRIAL_START
66.111390	1	4	TRIAL_END
67.124354	2	5	TRIAL_START
71.139265	2	5	TRIAL_END
71.139790	2	5	HIT
79.151072	2	6	TRIAL_START
81.239447	2	6	RESPONSE
81.463415	2	6	RESPONSE
81.671433	2	6	RESPONSE
81.887437	2	6	RESPONSE
82.111406	2	6	RESPONSE
82.335548	2	6	RESPONSE
82.575428	2	6	RESPONSE
82.799413	2	6	RESPONSE
83.063399	2	6	RESPONSE
83.151947	2	6	TRIAL_END
83.152724	2	6	CONSEQUENCE
83.152903	2	6	HIT
83.335418	2	7	IET R
83.607770	2	7	IET R
91.168557	2	7	TRIAL_START
91.695429	2	7	RESPONSE
91.887413	2	7	RESPONSE
92.063434	2	7	RESPONSE
92.239440	2	7	RESPONSE
92.423611	2	7	RESPONSE
92.599455	2	7	RESPONSE
92.783430	2	7	RESPONSE
92.967591	2	7	RESPONSE
93.159445	2	7	RESPONSE
93.367449	2	7	RESPONSE
93.575488	2	7	RESPONSE
93.799459	2	7	RESPONSE
94.015471	2	7	RESPONSE
94.231428	2	7	RESPONSE
94.439424	2	7	RESPONSE
94.663497	2	7	RESPONSE
94.879541	2	7	RESPONSE
95.111478	2	7	RESPONSE
95.168921	2	7	TRIAL_END
95.169792	2	7	CONSEQUENCE
95.169956	2	7	HIT
95.335616	2	8	IET R
95.663431	2	8	IET R
103.176731	2	8	TRIAL_START
103.759465	2	8	RESPONSE
103.959459	2	8	RESPONSE
104.159450	2	8	RESPONSE
104.351463	2	8	RESPONSE
104.543464	2	8	RESPONSE
104.751479	2	8	RESPONSE
104.951456	2	8	RESPONSE
105.151506	2	8	RESPONSE
105.343450	2	8	RESPONSE
105.535505	2	8	RESPONSE
105.743476	2	8	RESPONSE
105.951442	2	8	RESPONSE
106.143466	2	8	RESPONSE
106.327504	2	8	RESPONSE
106.519635	2	8	RESPONSE
106.719453	2	8	RESPONSE
106.927473	2	8	RESPONSE
107.127462	2	8	RESPONSE
107.177826	2	8	TRIAL_END
107.178584	2	8	MISS
107.327470	2	9	IET R
107.527461	2	9	IET R
115.193521	2	9	TRIAL_START
115.703486	2	9	RESPONSE
115.911487	2	9	RESPONSE
116.127489	2	9	RESPONSE
116.359590	2	9	RESPONSE
116.583666	2	9	RESPONSE
116.767622	2	9	RESPONSE
116.951504	2	9	RESPONSE
117.143517	2	9	RESPONSE
117.343645	2	9	RESPONSE
117.551522	2	9	RESPONSE
117.759513	2	9	RESPONSE
117.959478	2	9	RESPONSE
118.159504	2	9	RESPONSE
118.343504	2	9	RESPONSE
118.535477	2	9	RESPONSE
118.719480	2	9	RESPONSE
118.903499	2	9	RESPONSE
119.087494	2	9	RESPONSE
119.194229	2	9	TRIAL_END
119.194751	2	9	CONSEQUENCE
119.194862	2	9	HIT
119.287484	2	10	IET R
119.511491	2	10	IET R
127.220444	2	10	TRIAL_START
128.015505	2	10	RESPONSE
128.207551	2	10	RESPONSE
128.415522	2	10	RESPONSE
128.607505	2	10	RESPONSE
128.791633	2	10	RESPONSE
128.983586	2	10	RESPONSE
129.183510	2	10	RESPONSE
129.375487	2	10	RESPONSE
129.551525	2	10	RESPONSE
129.743533	2	10	RESPONSE
129.935552	2	10	RESPONSE
130.111581	2	10	RESPONSE
130.295506	2	10	RESPONSE
130.479575	2	10	RESPONSE
130.671526	2	10	RESPONSE
130.871517	2	10	RESPONSE
131.063678	2	10	RESPONSE
131.221555	2	10	TRIAL_END
131.222130	2	10	MISS
131.255514	2	11	IET R
131.447516	2	11	IET R
131.655543	2	11	IET R
139.232106	2	11	TRIAL_START
139.711538	2	11	RESPONSE
139.911637	2	11	RESPONSE
140.111643	2	11	RESPONSE
140.303619	2	11	RESPONSE
140.495528	2	11	RESPONSE
140.703555	2	11	RESPONSE
140.895598	2	11	RESPONSE
141.087559	2	11	RESPONSE
141.279630	2	11	RESPONSE
141.479552	2	11	RESPONSE
141.679546	2	11	RESPONSE
141.871681	2	11	RESPONSE
142.055587	2	11	RESPONSE
142.255557	2	11	RESPONSE
142.439547	2	11	RESPONSE
142.639564	2	11	RESPONSE
142.831553	2	11	RESPONSE
143.023675	2	11	RESPONSE
143.223559	2	11	RESPONSE
143.232388	2	11	TRIAL_END
143.232938	2	11	CONSEQUENCE
143.233055	2	11	HIT
143.415533	2	12	IET R
143.623556	2	12	IET R
151.245542	2	12	TRIAL_START
152.111613	2	12	RESPONSE
152.303659	2	12	RESPONSE
152.495581	2	12	RESPONSE
152.671663	2	12	RESPONSE
152.855564	2	12	RESPONSE
153.055653	2	12	RESPONSE
153.256107	2	12	RESPONSE
153.447615	2	12	RESPONSE
153.639678	2	12	RESPONSE
153.839582	2	12	RESPONSE
154.023583	2	12	RESPONSE
154.215566	2	12	RESPONSE
154.399594	2	12	RESPONSE
154.591564	2	12	RESPONSE
154.791572	2	12	RESPONSE
154.975575	2	12	RESPONSE
155.191716	2	12	RESPONSE
155.246165	2	12	TRIAL_END
155.246905	2	12	CONSEQUENCE
155.247075	2	12	HIT
155.391597	2	13	IET R
155.615627	2	13	IET R
163.258188	2	13	TRIAL_START
163.839594	2	13	RESPONSE
164.047588	2	13	RESPONSE
164.239613	2	13	RESPONSE
164.423594	2	13	RESPONSE
164.631591	2	13	RESPONSE
164.831586	2	13	RESPONSE
165.023592	2	13	RESPONSE
165.223605	2	13	RESPONSE
165.415852	2	13	RESPONSE
165.615617	2	13	RESPONSE
165.815700	2	13	RESPONSE
166.007603	2	13	RESPONSE
166.215615	2	13	RESPONSE
166.415614	2	13	RESPONSE
166.615684	2	13	RESPONSE
166.807598	2	13	RESPONSE
167.007655	2	13	RESPONSE
167.207616	2	13	RESPONSE
167.258986	2	13	TRIAL_END
167.259747	2	13	MISS
167.391654	2	14	IET R
167.599644	2	14	IET R
175.267566	2	14	TRIAL_START
176.319727	2	14	RESPONSE
176.527655	2	14	RESPONSE
176.735756	2	14	RESPONSE
176.919642	2	14	RESPONSE
177.111708	2	14	RESPONSE
177.295651	2	14	RESPONSE
177.511718	2	14	RESPONSE
177.719631	2	14	RESPONSE
177.927728	2	14	RESPONSE
178.111653	2	14	RESPONSE
178.311660	2	14	RESPONSE
178.503652	2	14	RESPONSE
178.711670	2	14	RESPONSE
178.903630	2	14	RESPONSE
179.087669	2	14	RESPONSE
179.268830	2	14	TRIAL_END
179.269661	2	14	CONSEQUENCE
179.269838	2	14	HIT
179.280452	2	15	IET R
179.463638	2	15	IET R
179.647638	2	15	IET R
187.282461	2	15	TRIAL_START
188.351688	2	15	RESPONSE
188.559793	2	15	RESPONSE
188.768291	2	15	RESPONSE
188.967865	2	15	RESPONSE
189.143759	2	15	RESPONSE
189.335677	2	15	RESPONSE
189.519674	2	15	RESPONSE
189.711667	2	15	RESPONSE
189.895752	2	15	RESPONSE
190.095690	2	15	RESPONSE
190.295748	2	15	RESPONSE
190.479909	2	15	RESPONSE
190.679765	2	15	RESPONSE
190.871673	2	15	RESPONSE
191.063678	2	15	RESPONSE
191.239753	2	15	RESPONSE
191.283103	2	15	TRIAL_END
191.283660	2	15	CONSEQUENCE
191.283797	2	15	HIT
191.431727	2	16	IET R
191.647652	2	16	IET R
199.294060	2	16	TRIAL_START
203.294732	2	16	TRIAL_END
203.295315	2	16	HIT
211.317631	2	17	TRIAL_START
215.327245	2	17	TRIAL_END
215.327780	2	17	HIT
223.334713	2	18	TRIAL_START
227.338673	2	18	TRIAL_END
227.339175	2	18	HIT
235.353182	2	19	TRIAL_START
236.159784	2	19	RESPONSE
236.359789	2	19	RESPONSE
236.567782	2	19	RESPONSE
236.759796	2	19	RESPONSE
236.943787	2	19	RESPONSE
237.143815	2	19	RESPONSE
237.351929	2	19	RESPONSE
237.535804	2	19	RESPONSE
237.711893	2	19	RESPONSE
237.903872	2	19	RESPONSE
238.087790	2	19	RESPONSE
238.279911	2	19	RESPONSE
238.455809	2	19	RESPONSE
238.647798	2	19	RESPONSE
238.847810	2	19	RESPONSE
239.031892	2	19	RESPONSE
239.223844	2	19	RESPONSE
239.353819	2	19	TRIAL_END
239.354940	2	19	CONSEQUENCE
239.355275	2	19	HIT
239.399801	2	20	IET R
239.576511	2	20	IET R
247.383170	2	20	TRIAL_START
251.395249	2	20	TRIAL_END
251.395768	2	20	HIT
259.405239	2	21	TRIAL_START
260.351837	2	21	RESPONSE
260.543906	2	21	RESPONSE
260.735850	2	21	RESPONSE
260.919938	2	21	RESPONSE
261.079904	2	21	RESPONSE
261.247859	2	21	RESPONSE
261.431883	2	21	RESPONSE
261.623860	2	21	RESPONSE
261.807893	2	21	RESPONSE
261.983918	2	21	RESPONSE
262.159840	2	21	RESPONSE
262.335835	2	21	RESPONSE
262.527857	2	21	RESPONSE
262.711858	2	21	RESPONSE
262.895964	2	21	RESPONSE
263.079926	2	21	RESPONSE
263.263909	2	21	RESPONSE
263.406011	2	21	TRIAL_END
263.406543	2	21	CONSEQUENCE
263.406656	2	21	HIT
263.463853	2	22	IET R
263.647907	2	22	IET R
271.417597	2	22	TRIAL_START
272.311912	2	22	RESPONSE
272.511922	2	22	RESPONSE
272.687885	2	22	RESPONSE
272.855885	2	22	RESPONSE
273.039919	2	22	RESPONSE
273.215938	2	22	RESPONSE
273.391977	2	22	RESPONSE
273.567900	2	22	RESPONSE
273.743897	2	22	RESPONSE
273.919879	2	22	RESPONSE
274.103968	2	22	RESPONSE
274.279899	2	22	RESPONSE
274.471943	2	22	RESPONSE
274.647940	2	22	RESPONSE
274.823886	2	22	RESPONSE
275.007888	2	22	RESPONSE
275.191913	2	22	RESPONSE
275.375889	2	22	RESPONSE
275.418213	2	22	TRIAL_END
275.418742	2	22	CONSEQUENCE
275.418885	2	22	HIT
275.559901	2	23	IET R
275.751905	2	23	IET R
283.425903	2	23	TRIAL_START
284.351905	2	23	RESPONSE
284.543960	2	23	RESPONSE
284.736066	2	23	RESPONSE
284.911929	2	23	RESPONSE
285.087913	2	23	RESPONSE
285.271925	2	23	RESPONSE
285.448026	2	23	RESPONSE
285.624088	2	23	RESPONSE
285.815953	2	23	RESPONSE
285.999925	2	23	RESPONSE
286.175912	2	23	RESPONSE
286.359973	2	23	RESPONSE
286.535929	2	23	RESPONSE
286.727943	2	23	RESPONSE
286.895910	2	23	RESPONSE
287.080028	2	23	RESPONSE
287.263896	2	23	RESPONSE
287.427125	2	23	TRIAL_END
287.427687	2	23	CONSEQUENCE
287.427814	2	23	HIT
287.457140	2	24	IET R
287.624000	2	24	IET R
295.441599	2	24	TRIAL_START
299.447684	2	24	TRIAL_END
299.448206	2	24	HIT
307.467277	2	25	TRIAL_START
311.483525	2	25	TRIAL_END
311.484041	2	25	HIT
319.499026	2	26	TRIAL_START
323.499699	2	26	TRIAL_END
323.500253	2	26	HIT
331.520694	2	27	TRIAL_START
332.320042	2	27	RESPONSE
332.520152	2	27	RESPONSE
332.704039	2	27	RESPONSE
332.896406	2	27	RESPONSE
333.080026	2	27	RESPONSE
333.256060	2	27	RESPONSE
333.448047	2	27	RESPONSE
333.640059	2	27	RESPONSE
333.824080	2	27	RESPONSE
334.000041	2	27	RESPONSE
334.184070	2	27	RESPONSE
334.368027	2	27	RESPONSE
334.544075	2	27	RESPONSE
334.720037	2	27	RESPONSE
334.920053	2	27	RESPONSE
335.104066	2	27	RESPONSE
335.296059	2	27	RESPONSE
335.480065	2	27	RESPONSE
335.521397	2	27	TRIAL_END
335.522236	2	27	CONSEQUENCE
335.522422	2	27	HIT
335.664051	2	28	IET R
335.856076	2	28	IET R
343.529377	2	28	TRIAL_START
347.549656	2	28	TRIAL_END
347.550426	2	28	HIT
355.558251	2	29	TRIAL_START
359.563265	2	29	TRIAL_END
359.563795	2	29	HIT
367.593140	2	30	TRIAL_START
371.607343	2	30	TRIAL_END
371.611427	2	30	HIT
379.624722	2	31	TRIAL_START
380.624166	2	31	RESPONSE
380.808218	2	31	RESPONSE
380.984299	2	31	RESPONSE
381.160181	2	31	RESPONSE
381.344230	2	31	RESPONSE
381.528268	2	31	RESPONSE
381.712180	2	31	RESPONSE
381.904329	2	31	RESPONSE
382.112211	2	31	RESPONSE
382.304184	2	31	RESPONSE
382.480181	2	31	RESPONSE
382.656163	2	31	RESPONSE
382.848281	2	31	RESPONSE
383.040185	2	31	RESPONSE
383.216187	2	31	RESPONSE
383.392251	2	31	RESPONSE
383.568169	2	31	RESPONSE
383.625552	2	31	TRIAL_END
383.626300	2	31	CONSEQUENCE
383.626470	2	31	HIT
383.744224	2	32	IET R
383.936268	2	32	IET R
391.648496	2	32	TRIAL_START
392.528191	2	32	RESPONSE
392.720198	2	32	RESPONSE
392.904198	2	32	RESPONSE
393.088235	2	32	RESPONSE
393.264188	2	32	RESPONSE
393.456273	2	32	RESPONSE
393.648194	2	32	RESPONSE
393.832287	2	32	RESPONSE
394.016189	2	32	RESPONSE
394.192209	2	32	RESPONSE
394.392249	2	32	RESPONSE
394.576232	2	32	RESPONSE
394.760214	2	32	RESPONSE
394.944204	2	32	RESPONSE
395.136246	2	32	RESPONSE
395.320288	2	32	RESPONSE
395.504247	2	32	RESPONSE
395.649501	2	32	TRIAL_END
395.650504	2	32	CONSEQUENCE
395.650681	2	32	HIT
395.688228	2	33	IET R
395.872253	2	33	IET R
403.658342	2	33	TRIAL_START
404.552236	2	33	RESPONSE
404.728254	2	33	RESPONSE
404.928246	2	33	RESPONSE
405.104289	2	33	RESPONSE
405.288251	2	33	RESPONSE
405.480242	2	33	RESPONSE
405.664246	2	33	RESPONSE
405.840240	2	33	RESPONSE
406.024269	2	33	RESPONSE
406.216249	2	33	RESPONSE
406.400267	2	33	RESPONSE
406.600268	2	33	RESPONSE
406.784273	2	33	RESPONSE
406.960216	2	33	RESPONSE
407.136258	2	33	RESPONSE
407.320242	2	33	RESPONSE
407.528256	2	33	RESPONSE
407.659120	2	33	TRIAL_END
407.659684	2	33	CONSEQUENCE
407.659801	2	33	HIT
407.720231	2	34	IET R
407.920235	2	34	IET R
415.679336	2	34	TRIAL_START
416.544232	2	34	RESPONSE
416.720263	2	34	RESPONSE
416.904384	2	34	RESPONSE
417.088283	2	34	RESPONSE
417.272298	2	34	RESPONSE
417.464320	2	34	RESPONSE
417.648295	2	34	RESPONSE
417.840278	2	34	RESPONSE
418.024294	2	34	RESPONSE
418.208301	2	34	RESPONSE
418.392285	2	34	RESPONSE
418.576573	2	34	RESPONSE
418.768302	2	34	RESPONSE
418.968265	2	34	RESPONSE
419.160280	2	34	RESPONSE
419.344326	2	34	RESPONSE
419.528524	2	34	RESPONSE
419.680332	2	34	TRIAL_END
419.680852	2	34	CONSEQUENCE
419.680962	2	34	HIT
419.712411	2	35	IET R
419.888281	2	35	IET R
420.080255	2	35	IET R
427.730521	2	35	TRIAL_START
431.746735	2	35	TRIAL_END
431.747536	2	35	HIT
439.759125	2	36	TRIAL_START
443.761092	2	36	TRIAL_END
443.761879	2	36	HIT
451.785754	2	37	TRIAL_START
455.788237	2	37	TRIAL_END
455.788785	2	37	HIT
463.797887	2	38	TRIAL_START
467.798864	2	38	TRIAL_END
467.799685	2	38	HIT
475.809296	2	39	TRIAL_START
476.712768	2	39	RESPONSE
476.896422	2	39	RESPONSE
477.104428	2	39	RESPONSE
477.304427	2	39	RESPONSE
477.496529	2	39	RESPONSE
477.688437	2	39	RESPONSE
477.864520	2	39	RESPONSE
478.056496	2	39	RESPONSE
478.248564	2	39	RESPONSE
478.440471	2	39	RESPONSE
478.632439	2	39	RESPONSE
478.808495	2	39	RESPONSE
478.984445	2	39	RESPONSE
479.176477	2	39	RESPONSE
479.360442	2	39	RESPONSE
479.560445	2	39	RESPONSE
479.752431	2	39	RESPONSE
479.809828	2	39	TRIAL_END
479.810774	2	39	CONSEQUENCE
479.810940	2	39	HIT
479.928460	2	40	IET R
480.104449	2	40	IET R
487.821602	2	40	TRIAL_START
491.830784	2	40	TRIAL_END
491.831363	2	40	HIT
499.839785	2	41	TRIAL_START
500.688495	2	41	RESPONSE
500.872514	2	41	RESPONSE
501.040509	2	41	RESPONSE
501.216545	2	41	RESPONSE
501.392875	2	41	RESPONSE
501.576656	2	41	RESPONSE
501.760714	2	41	RESPONSE
501.936598	2	41	RESPONSE
502.104604	2	41	RESPONSE
502.288517	2	41	RESPONSE
502.464512	2	41	RESPONSE
502.688608	2	41	RESPONSE
502.888520	2	41	RESPONSE
503.096647	2	41	RESPONSE
503.288518	2	41	RESPONSE
503.472523	2	41	RESPONSE
503.648509	2	41	RESPONSE
503.808529	2	41	RESPONSE
503.840832	2	41	TRIAL_END
503.841639	2	41	CONSEQUENCE
503.841779	2	41	HIT
504.000512	2	42	IET R
504.192511	2	42	IET R
511.866202	2	42	TRIAL_START
515.875931	2	42	TRIAL_END
515.876457	2	42	HIT
523.885842	2	43	TRIAL_START
524.720660	2	43	RESPONSE
524.904653	2	43	RESPONSE
525.088572	2	43	RESPONSE
525.264585	2	43	RESPONSE
525.448608	2	43	RESPONSE
525.632577	2	43	RESPONSE
525.808563	2	43	RESPONSE
526.000844	2	43	RESPONSE
526.168738	2	43	RESPONSE
526.360585	2	43	RESPONSE
526.544672	2	43	RESPONSE
526.728589	2	43	RESPONSE
526.912617	2	43	RESPONSE
527.096598	2	43	RESPONSE
527.264582	2	43	RESPONSE
527.448577	2	43	RESPONSE
527.632638	2	43	RESPONSE
527.808566	2	43	RESPONSE
527.887084	2	43	TRIAL_END
527.887605	2	43	CONSEQUENCE
527.887718	2	43	HIT
527.976619	2	44	IET R
528.168627	2	44	IET R
535.900411	2	44	TRIAL_START
536.776612	2	44	RESPONSE
536.952601	2	44	RESPONSE
537.136606	2	44	RESPONSE
537.320799	2	44	RESPONSE
537.504679	2	44	RESPONSE
537.696613	2	44	RESPONSE
537.864744	2	44	RESPONSE
538.048598	2	44	RESPONSE
538.232610	2	44	RESPONSE
538.400705	2	44	RESPONSE
538.576693	2	44	RESPONSE
538.776610	2	44	RESPONSE
538.960632	2	44	RESPONSE
539.144719	2	44	RESPONSE
539.328604	2	44	RESPONSE
539.520938	2	44	RESPONSE
539.696654	2	44	RESPONSE
539.880613	2	44	RESPONSE
539.900837	2	44	TRIAL_END
539.901380	2	44	CONSEQUENCE
539.901495	2	44	HIT
540.056622	2	45	IET R
540.234210	2	45	IET R
547.929773	2	45	TRIAL_START
548.768651	2	45	RESPONSE
548.944638	2	45	RESPONSE
549.120655	2	45	RESPONSE
549.312631	2	45	RESPONSE
549.496639	2	45	RESPONSE
549.672664	2	45	RESPONSE
549.864697	2	45	RESPONSE
550.048715	2	45	RESPONSE
550.232782	2	45	RESPONSE
550.416633	2	45	RESPONSE
550.600677	2	45	RESPONSE
550.776667	2	45	RESPONSE
550.960646	2	45	RESPONSE
551.136640	2	45	RESPONSE
551.320726	2	45	RESPONSE
551.504674	2	45	RESPONSE
551.688731	2	45	RESPONSE
551.864777	2	45	RESPONSE
551.930293	2	45	TRIAL_END
551.930840	2	45	CONSEQUENCE
551.930976	2	45	HIT
552.056671	2	46	IET R
552.240640	2	46	IET R
559.946242	2	46	TRIAL_START
563.948345	2	46	TRIAL_END
563.949100	2	46	HIT
571.958024	2	47	TRIAL_START
575.970177	2	47	TRIAL_END
575.970895	2	47	HIT
583.978964	2	48	TRIAL_START
584.728735	2	48	RESPONSE
584.920885	2	48	RESPONSE
585.120755	2	48	RESPONSE
585.320734	2	48	RESPONSE
585.496806	2	48	RESPONSE
585.680761	2	48	RESPONSE
585.864752	2	48	RESPONSE
586.064739	2	48	RESPONSE
586.248766	2	48	RESPONSE
586.440752	2	48	RESPONSE
586.624751	2	48	RESPONSE
586.808756	2	48	RESPONSE
587.000769	2	48	RESPONSE
587.184760	2	48	RESPONSE
587.376758	2	48	RESPONSE
587.576834	2	48	RESPONSE
587.760747	2	48	RESPONSE
587.953077	2	48	RESPONSE
587.979367	2	48	TRIAL_END
587.980104	2	48	CONSEQUENCE
587.980273	2	48	HIT
588.136740	2	49	IET R
588.320780	2	49	IET R
595.998830	2	49	TRIAL_START
600.001175	2	49	TRIAL_END
600.001946	2	49	HIT
608.021878	2	50	TRIAL_START
612.038996	2	50	TRIAL_END
612.039797	2	50	HIT
620.052284	2	51	TRIAL_START
620.832935	2	51	RESPONSE
621.016871	2	51	RESPONSE
621.200864	2	51	RESPONSE
621.376862	2	51	RESPONSE
621.576858	2	51	RESPONSE
621.768893	2	51	RESPONSE
621.952842	2	51	RESPONSE
622.128844	2	51	RESPONSE
622.320841	2	51	RESPONSE
622.504867	2	51	RESPONSE
622.704890	2	51	RESPONSE
622.881001	2	51	RESPONSE
623.056950	2	51	RESPONSE
623.240860	2	51	RESPONSE
623.424897	2	51	RESPONSE
623.600871	2	51	RESPONSE
623.792857	2	51	RESPONSE
623.968961	2	51	RESPONSE
624.053552	2	51	TRIAL_END
624.054153	2	51	CONSEQUENCE
624.054279	2	51	HIT
624.152864	2	52	IET R
624.344882	2	52	IET R
632.080364	2	52	TRIAL_START
632.777002	2	52	RESPONSE
632.968877	2	52	RESPONSE
633.153009	2	52	RESPONSE
633.344942	2	52	RESPONSE
633.520909	2	52	RESPONSE
633.689000	2	52	RESPONSE
633.880878	2	52	RESPONSE
634.056896	2	52	RESPONSE
634.240941	2	52	RESPONSE
634.416884	2	52	RESPONSE
634.600880	2	52	RESPONSE
634.784991	2	52	RESPONSE
634.968873	2	52	RESPONSE
635.152926	2	52	RESPONSE
635.329020	2	52	RESPONSE
635.512900	2	52	RESPONSE
635.696912	2	52	RESPONSE
635.872963	2	52	RESPONSE
636.048925	2	52	RESPONSE
636.081201	2	52	TRIAL_END
636.081759	2	52	CONSEQUENCE
636.081894	2	52	HIT
636.232908	2	53	IET R
636.416956	2	53	IET R
644.092659	2	53	TRIAL_START
644.777010	2	53	RESPONSE
644.960895	2	53	RESPONSE
645.144924	2	53	RESPONSE
645.336940	2	53	RESPONSE
645.505055	2	53	RESPONSE
645.680890	2	53	RESPONSE
645.856927	2	53	RESPONSE
646.040929	2	53	RESPONSE
646.208992	2	53	RESPONSE
646.384948	2	53	RESPONSE
646.560902	2	53	RESPONSE
646.744984	2	53	RESPONSE
646.920919	2	53	RESPONSE
647.096907	2	53	RESPONSE
647.264964	2	53	RESPONSE
647.440941	2	53	RESPONSE
647.616952	2	53	RESPONSE
647.800936	2	53	RESPONSE
647.984951	2	53	RESPONSE
648.093220	2	53	TRIAL_END
648.093978	2	53	CONSEQUENCE
648.094144	2	53	HIT
648.169052	2	54	IET R
648.345022	2	54	IET R
656.113125	2	54	TRIAL_START
660.120562	2	54	TRIAL_END
660.121367	2	54	HIT
668.150328	2	55	TRIAL_START
672.150984	2	55	TRIAL_END
672.151873	2	55	HIT
680.168726	2	56	TRIAL_START
684.170658	2	56	TRIAL_END
684.171477	2	56	HIT
692.196827	2	57	TRIAL_START
692.929170	2	57	RESPONSE
693.113081	2	57	RESPONSE
693.289053	2	57	RESPONSE
693.457075	2	57	RESPONSE
693.625081	2	57	RESPONSE
693.801050	2	57	RESPONSE
693.977370	2	57	RESPONSE
694.145047	2	57	RESPONSE
694.313045	2	57	RESPONSE
694.489077	2	57	RESPONSE
694.665145	2	57	RESPONSE
694.841063	2	57	RESPONSE
695.001192	2	57	RESPONSE
695.169195	2	57	RESPONSE
695.337139	2	57	RESPONSE
695.513225	2	57	RESPONSE
695.689076	2	57	RESPONSE
695.865062	2	57	RESPONSE
696.033067	2	57	RESPONSE
696.197470	2	57	TRIAL_END
696.198249	2	57	CONSEQUENCE
696.198422	2	57	HIT
696.211563	2	58	IET R
696.385052	2	58	IET R
696.513090	2	58	IET R
704.210408	2	58	TRIAL_START
704.953095	2	58	RESPONSE
705.137092	2	58	RESPONSE
705.305104	2	58	RESPONSE
705.481097	2	58	RESPONSE
705.649081	2	58	RESPONSE
705.817071	2	58	RESPONSE
705.977126	2	58	RESPONSE
706.145285	2	58	RESPONSE
706.305101	2	58	RESPONSE
706.473099	2	58	RESPONSE
706.657168	2	58	RESPONSE
706.825205	2	58	RESPONSE
707.001293	2	58	RESPONSE
707.177117	2	58	RESPONSE
707.345093	2	58	RESPONSE
707.521105	2	58	RESPONSE
707.689095	2	58	RESPONSE
707.865091	2	58	RESPONSE
708.041083	2	58	RESPONSE
708.209107	2	58	RESPONSE
708.211282	2	58	TRIAL_END
708.211831	2	58	CONSEQUENCE
708.211957	2	58	HIT
708.393153	2	59	IET R
708.553114	2	59	IET R
716.214157	3	59	TRIAL_START
726.226963	3	59	TRIAL_END
